6 6 250 50 50
21 71 30 20 32 27
54 93 40 28 31 28
59 112 43 46 52 43
53 91 37 44 43 30
64 121 68 46 52 59
40 50 15 22 8 24
41 59 78 57 73 35
0 16 6 7 16 11
16 0 17 17 5 16
6 17 0 5 17 10
7 17 5 0 16 10
16 5 17 16 0 16
11 16 10 10 16 0
0 28 26 23 10 24
28 0 22 24 28 21
26 22 0 13 26 13
23 24 13 0 23 13
10 28 26 23 0 24
24 21 13 13 24 0
