6 6 250 29 71
12 33 9 10 12 14
36 93 57 36 77 54
16 53 31 7 45 23
26 44 31 17 49 28
16 29 16 14 42 24
15 40 22 9 38 30
29 117 58 58 43 51
0 4 10 20 3 10
4 0 8 20 3 8
10 8 0 18 10 3
20 20 18 0 20 16
3 3 10 20 0 10
10 8 3 16 10 0
0 27 27 11 29 11
27 0 9 26 11 25
27 9 0 27 11 26
11 26 27 0 28 10
29 11 11 28 0 27
11 25 26 10 27 0
