5 10 250 47 53
20 14 60 36 52 74 31 28 19 21
11 8 52 28 58 64 25 44 17 29
41 30 122 48 122 132 54 62 49 50
18 10 65 21 63 70 24 38 24 25
36 34 106 51 108 137 53 59 48 39
51 46 93 46 91
0 6 6 5 16
6 0 10 8 12
6 10 0 11 20
5 8 11 0 14
16 12 20 14 0
0 17 18 17 21 10 20 25 16 21
17 0 13 13 16 17 17 18 11 15
18 13 0 10 19 18 17 21 12 16
17 13 10 0 18 18 16 20 12 16
21 16 19 18 0 21 15 19 17 13
10 17 18 18 21 0 20 25 17 21
20 17 17 16 15 20 0 24 17 14
25 18 21 20 19 25 24 0 19 20
16 11 12 12 17 17 17 19 0 16
21 15 16 16 13 21 14 20 16 0
