6 7 250 31 69
56 51 88 31 155 94 85
97 93 140 54 217 162 106
167 128 270 110 423 263 205
60 45 94 36 120 110 76
64 44 98 36 125 85 55
104 90 174 55 235 168 109
35 63 103 34 39 62
0 18 5 18 5 6
18 0 18 5 18 19
5 18 0 18 6 6
18 5 18 0 18 19
5 18 6 18 0 6
6 19 6 19 6 0
0 16 13 13 11 17 7
16 0 8 8 11 6 16
13 8 0 6 8 9 13
13 8 6 0 9 9 14
11 11 8 9 0 11 11
17 6 9 9 11 0 17
7 16 13 14 11 17 0
