7 5 250 21 79
38 40 60 53 29
48 44 62 78 39
41 26 74 89 45
73 55 114 107 70
66 58 122 137 77
123 88 197 186 124
31 23 47 34 24
27 40 35 62 66 107 21
0 12 10 12 11 11 6
12 0 12 7 12 12 13
10 12 0 10 6 5 11
12 7 10 0 10 10 13
11 12 6 10 0 5 11
11 12 5 10 5 0 11
6 13 11 13 11 11 0
0 18 18 19 18
18 0 16 10 17
18 16 0 16 11
19 10 16 0 17
18 17 11 17 0
