4 6 250 5 95
115 85 103 123 28 62
181 144 133 202 52 126
203 164 168 216 58 110
238 188 176 255 68 119
57 86 85 106
0 13 4 14
13 0 13 5
4 13 0 14
14 5 14 0
0 15 16 18 17 16
15 0 13 12 9 9
16 13 0 13 13 13
18 12 13 0 11 11
17 9 13 11 0 8
16 9 13 11 8 0
