7 5 250 6 94
54 46 48 30 50
122 108 124 63 114
121 109 144 71 102
110 115 156 73 106
186 140 212 99 165
73 68 72 33 59
51 71 70 41 76
24 58 52 57 82 32 30
0 12 14 12 4 10 13
12 0 5 4 12 13 4
14 5 0 5 14 15 4
12 4 5 0 12 12 4
4 12 14 12 0 10 13
10 13 15 12 10 0 14
13 4 4 4 13 14 0
0 20 18 26 39
20 0 16 20 20
18 16 0 8 22
26 20 8 0 22
39 20 22 22 0
