7 7 250 65 35
32 90 49 30 88 61 54
20 57 32 13 50 38 47
83 191 126 58 160 102 134
117 261 146 69 219 147 146
36 91 55 27 66 46 62
24 58 27 12 46 22 34
31 45 27 16 46 29 41
40 25 79 117 42 23 25
0 10 10 3 10 10 9
10 0 11 10 11 3 3
10 11 0 9 2 11 11
3 10 9 0 9 10 10
10 11 2 9 0 11 11
10 3 11 10 11 0 3
9 3 11 10 11 3 0
0 24 22 31 29 21 20
24 0 16 27 14 17 16
22 16 0 25 23 14 13
31 27 25 0 27 32 31
29 14 23 27 0 25 24
21 17 14 32 25 0 7
20 16 13 31 24 7 0
