6 8 250 32 68
23 88 34 32 24 26 17 14
37 130 67 40 32 38 43 30
47 127 63 46 46 45 44 24
33 103 52 48 45 32 36 14
30 89 45 40 32 27 26 12
76 248 108 95 58 63 83 37
32 58 58 50 44 107
0 15 11 12 12 14
15 0 7 6 7 14
11 7 0 4 4 13
12 6 4 0 4 14
12 7 4 4 0 14
14 14 13 14 14 0
0 10 21 21 21 11 14 21
10 0 22 22 22 9 12 22
21 22 0 30 9 23 23 10
21 22 30 0 29 21 25 29
21 22 9 29 0 23 23 9
11 9 23 21 23 0 13 23
14 12 23 25 23 13 0 23
21 22 10 29 9 23 23 0
