10 10 250 18 82
83 35 24 22 20 37 28 20 22 9
62 30 27 15 7 14 28 17 14 13
158 56 61 41 29 78 58 56 45 22
39 13 20 9 13 25 14 19 14 7
109 35 34 29 9 33 40 28 24 13
70 27 26 28 20 28 27 29 17 16
35 11 8 6 10 19 14 9 4 5
78 29 28 21 8 34 23 26 17 13
53 25 22 20 15 25 24 24 20 10
57 23 22 20 16 25 37 29 20 7
33 30 67 22 41 37 15 35 26 30
0 6 5 11 11 12 12 11 12 12
6 0 5 11 11 12 12 11 12 11
5 5 0 11 11 12 12 11 11 11
11 11 11 0 5 12 12 5 5 11
11 11 11 5 0 11 11 5 6 11
12 12 12 12 11 0 5 12 12 5
12 12 12 12 11 5 0 12 12 5
11 11 11 5 5 12 12 0 5 11
12 12 11 5 6 12 12 5 0 12
12 11 11 11 11 5 5 11 12 0
0 7 28 28 25 30 8 28 9 7
7 0 29 28 26 30 9 28 8 7
28 29 0 8 8 7 25 7 27 30
28 28 8 0 10 9 25 6 26 30
25 26 8 10 0 10 22 9 24 27
30 30 7 9 10 0 27 9 28 31
8 9 25 25 22 27 0 25 9 9
28 28 7 6 9 9 25 0 26 30
9 8 27 26 24 28 9 26 0 10
7 7 30 30 27 31 9 30 10 0
