7 7 250 38 62
20 24 42 33 38 8 31
36 43 80 63 72 11 83
34 39 79 48 78 30 84
38 32 95 50 77 22 96
33 59 121 76 87 20 92
28 38 88 61 90 25 88
127 159 332 198 320 77 331
19 32 36 37 47 33 131
0 17 19 15 4 13 5
17 0 6 12 18 9 16
19 6 0 14 20 10 18
15 12 14 0 15 11 14
4 18 20 15 0 14 6
13 9 10 11 14 0 12
5 16 18 14 6 12 0
0 8 8 27 27 28 26
8 0 9 27 26 27 25
8 9 0 28 28 29 26
27 27 28 0 8 8 9
27 26 28 8 0 9 8
28 27 29 8 9 0 9
26 25 26 9 8 9 0
