8 8 250 18 82
14 7 19 11 29 19 23 6
36 28 59 37 88 48 75 17
38 29 109 76 117 80 147 18
35 39 96 46 136 73 112 34
20 12 28 29 49 32 50 17
31 32 65 55 87 40 85 24
10 8 23 18 26 17 29 4
11 9 36 16 40 22 27 13
17 46 74 66 33 52 16 24
0 9 17 9 5 12 10 8
9 0 17 10 9 12 4 12
17 17 0 14 17 9 18 16
9 10 14 0 10 11 10 12
5 9 17 10 0 12 10 8
12 12 9 11 12 0 13 11
10 4 18 10 10 13 0 13
8 12 16 12 8 11 13 0
0 21 11 22 10 17 10 19
21 0 21 11 21 17 21 26
11 21 0 22 11 17 11 19
22 11 22 0 22 17 22 26
10 21 11 22 0 17 11 19
17 17 17 17 17 0 17 20
10 21 11 22 11 17 0 19
19 26 19 26 19 20 19 0
