5 10 250 4 96
69 66 38 142 52 43 66 39 116 39
45 42 26 135 46 28 46 41 85 45
165 133 63 290 78 95 118 83 202 77
179 168 73 360 105 122 163 110 290 159
70 49 35 157 38 57 65 44 107 43
42 35 85 130 43
0 9 4 10 10
9 0 9 9 7
4 9 0 10 11
10 9 10 0 9
10 7 11 9 0
0 11 11 7 17 11 17 8 17 8
11 0 6 11 16 7 16 13 15 13
11 6 0 11 15 7 15 13 15 13
7 11 11 0 16 12 17 8 16 8
17 16 15 16 0 16 6 17 6 17
11 7 7 12 16 0 16 13 16 13
17 16 15 17 6 16 0 17 6 18
8 13 13 8 17 13 17 0 17 7
17 15 15 16 6 16 6 17 0 17
8 13 13 8 17 13 18 7 17 0
