6 5 250 50 50
64 60 127 106 31
69 55 184 167 62
126 143 354 296 135
163 158 397 335 124
67 83 192 135 71
108 164 359 299 150
28 36 76 89 43 80
0 10 10 8 16 8
10 0 11 10 11 8
10 11 0 14 19 13
8 10 14 0 11 4
16 11 19 11 0 11
8 8 13 4 11 0
0 18 25 8 14
18 0 10 9 14
25 10 0 13 18
8 9 13 0 13
14 14 18 13 0
