4 9 250 6 94
25 70 19 14 62 19 16 35 33
64 140 44 39 193 65 42 82 101
71 144 36 40 158 64 42 89 85
55 91 41 40 151 63 32 69 86
40 111 92 85
0 14 13 13
14 0 3 2
13 3 0 2
13 2 2 0
0 27 13 26 26 8 8 24 26
27 0 21 7 9 28 28 25 27
13 21 0 21 20 15 14 19 21
26 7 21 0 8 28 27 25 26
26 9 20 8 0 28 27 24 25
8 28 15 28 28 0 8 26 28
8 28 14 27 27 8 0 25 27
24 25 19 25 24 26 25 0 9
26 27 21 26 25 28 27 9 0
