7 9 250 28 72
15 45 22 17 25 41 67 25 33
7 30 30 26 27 36 70 34 39
34 78 38 35 49 87 134 46 83
15 37 20 22 21 38 44 27 24
14 38 24 15 19 43 53 25 23
8 35 25 23 19 41 41 20 40
7 27 12 14 12 23 24 12 15
43 52 92 37 39 46 22
0 7 14 9 8 4 7
7 0 16 10 10 7 3
14 16 0 9 9 13 16
9 10 9 0 3 7 10
8 10 9 3 0 7 10
4 7 13 7 7 0 7
7 3 16 10 10 7 0
0 37 38 39 12 14 39 39 11
37 0 12 11 37 36 12 13 34
38 12 0 11 39 38 11 10 36
39 11 11 0 39 38 9 12 37
12 37 39 39 0 12 39 40 12
14 36 38 38 12 0 39 40 14
39 12 11 9 39 39 0 12 37
39 13 10 12 40 40 12 0 37
11 34 36 37 12 14 37 37 0
