7 10 250 18 82
33 10 35 16 7 43 26 27 17 20
28 17 32 9 8 33 24 31 37 25
114 50 97 43 16 82 93 91 93 63
35 17 25 13 6 30 31 36 37 22
49 26 55 19 11 49 48 65 38 26
17 7 13 8 2 4 16 16 13 11
54 28 60 13 5 49 31 59 52 36
34 34 114 37 50 15 50
0 5 14 14 11 14 12
5 0 11 11 8 11 10
14 11 0 2 11 2 12
14 11 2 0 12 2 12
11 8 11 12 0 12 3
14 11 2 2 12 0 12
12 10 12 12 3 12 0
0 18 9 18 17 29 30 17 19 38
18 0 17 10 9 19 20 11 10 30
9 17 0 16 16 27 29 16 17 37
18 10 16 0 8 19 21 9 9 29
17 9 16 8 0 19 21 10 9 30
29 19 27 19 19 0 9 20 18 25
30 20 29 21 21 9 0 22 20 24
17 11 16 9 10 20 22 0 10 29
19 10 17 9 9 18 20 10 0 29
38 30 37 29 30 25 24 29 29 0
