8 10 250 24 76
49 4 11 16 7 13 4 21 3 3
265 60 61 60 27 97 16 101 27 36
194 52 52 46 16 64 19 61 28 25
96 30 21 28 11 38 6 35 11 12
93 30 21 33 8 30 9 37 12 8
202 45 55 55 25 60 18 92 17 33
113 29 38 32 18 50 11 58 17 17
239 71 72 73 23 89 31 101 22 41
13 61 53 26 25 55 33 70
0 14 4 14 14 15 15 14
14 0 14 5 5 5 6 5
4 14 0 14 14 15 15 13
14 5 14 0 5 6 6 5
14 5 14 5 0 5 5 5
15 5 15 6 5 0 5 6
15 6 15 6 5 5 0 6
14 5 13 5 5 6 6 0
0 11 13 14 12 12 13 10 11 13
11 0 11 13 12 10 12 10 13 11
13 11 0 11 12 9 11 11 14 9
14 13 11 0 13 12 12 13 16 12
12 12 12 13 0 12 9 11 12 12
12 10 9 12 12 0 12 11 14 9
13 12 11 12 9 12 0 11 13 12
10 10 11 13 11 11 11 0 12 11
11 13 14 16 12 14 13 12 0 14
13 11 9 12 12 9 12 11 14 0
