10 10 250 4 96
8 9 1 16 6 6 13 8 4 10
6 13 6 14 6 10 14 6 3 15
12 17 23 25 16 30 43 17 17 31
26 28 32 35 14 20 57 8 15 32
14 19 12 21 8 14 25 5 9 24
30 32 30 29 7 25 45 8 18 43
25 15 18 33 8 18 40 9 8 25
20 14 21 31 6 19 45 7 10 28
26 33 18 47 15 32 69 19 29 46
42 58 40 62 29 51 85 21 23 63
13 13 33 44 22 37 28 27 46 70
0 9 9 14 9 10 9 5 14 8
9 0 11 13 12 6 11 9 13 11
9 11 0 12 12 11 12 8 12 8
14 13 12 0 18 13 18 14 6 14
9 12 12 18 0 12 6 9 17 10
10 6 11 13 12 0 12 10 13 11
9 11 12 18 6 12 0 9 18 11
5 9 8 14 9 10 9 0 14 8
14 13 12 6 17 13 18 14 0 13
8 11 8 14 10 11 11 8 13 0
0 26 26 29 27 21 28 26 29 30
26 0 9 30 11 24 16 13 16 31
26 9 0 30 13 25 18 15 17 31
29 30 30 0 28 15 26 27 26 9
27 11 13 28 0 23 12 10 11 29
21 24 25 15 23 0 22 22 22 16
28 16 18 26 12 22 0 10 9 28
26 13 15 27 10 22 10 0 11 29
29 16 17 26 11 22 9 11 0 27
30 31 31 9 29 16 28 29 27 0
