10 10 250 10 90
1 7 8 4 6 2 9 16 2 15
8 7 4 1 12 7 11 14 8 20
7 11 18 7 11 7 17 16 13 19
11 13 16 9 12 8 20 14 13 22
5 7 17 11 9 5 17 13 14 22
16 12 12 7 12 7 19 17 21 32
9 10 9 10 12 5 14 13 12 21
6 22 18 9 20 6 27 17 22 25
2 3 6 2 3 0 5 2 2 6
8 11 15 6 11 8 16 13 8 17
22 29 40 45 32 42 34 50 10 37
0 13 12 11 9 9 2 9 15 11
13 0 8 12 10 11 13 11 11 12
12 8 0 16 6 7 11 7 7 16
11 12 16 0 14 13 11 14 20 2
9 10 6 14 0 2 9 2 11 14
9 11 7 13 2 0 9 2 12 13
2 13 11 11 9 9 0 9 15 11
9 11 7 14 2 2 9 0 12 14
15 11 7 20 11 12 15 12 0 20
11 12 16 2 14 13 11 14 20 0
0 14 19 16 10 17 11 17 11 18
14 0 19 17 15 17 14 17 15 17
19 19 0 12 18 16 17 16 20 11
16 17 12 0 16 15 15 15 17 11
10 15 18 16 0 17 11 17 11 17
17 17 16 15 17 0 15 10 18 15
11 14 17 15 11 15 0 15 12 16
17 17 16 15 17 10 15 0 18 14
11 15 20 17 11 18 12 18 0 19
18 17 11 11 17 15 16 14 19 0
