7 7 250 26 74
68 36 79 66 29 52 20
37 23 67 41 18 23 10
97 84 182 159 57 90 32
22 15 30 22 13 19 7
102 83 192 124 49 75 50
104 92 167 136 37 87 37
106 99 192 133 61 103 48
35 21 62 13 66 71 66
0 4 9 12 3 2 13
4 0 9 11 3 4 11
9 9 0 8 10 10 8
12 11 8 0 12 13 2
3 3 10 12 0 2 12
2 4 10 13 2 0 13
13 11 8 2 12 13 0
0 13 17 17 19 16 17
13 0 13 13 16 12 13
17 13 0 8 10 9 8
17 13 8 0 10 8 8
19 16 10 10 0 11 10
16 12 9 8 11 0 9
17 13 8 8 10 9 0
