6 8 250 1 99
51 81 83 85 147 36 54 100
54 64 78 83 110 27 57 125
58 87 100 127 188 31 51 133
97 138 154 159 236 67 84 205
39 45 65 91 114 24 37 96
82 121 133 155 211 46 76 177
48 42 51 92 41 79
0 4 13 3 13 3
4 0 11 3 10 3
13 11 0 12 2 12
3 3 12 0 11 2
13 10 2 11 0 11
3 3 12 2 11 0
0 10 13 13 11 14 13 10
10 0 15 13 13 13 13 9
13 15 0 15 13 15 15 15
13 13 15 0 16 8 8 13
11 13 13 16 0 16 16 13
14 13 15 8 16 0 8 13
13 13 15 8 16 8 0 13
10 9 15 13 13 13 13 0
