10 5 250 39 61
18 16 16 56 14
61 68 45 210 35
35 37 23 106 23
30 44 28 117 25
69 80 46 184 45
36 34 21 112 25
23 18 13 49 13
31 40 23 79 22
14 17 14 61 15
17 17 22 91 12
20 59 32 39 69 37 19 32 19 26
0 9 3 15 16 13 13 15 3 15
9 0 9 9 10 9 9 9 9 9
3 9 0 16 16 14 14 16 3 15
15 9 16 0 3 8 9 3 16 3
16 10 16 3 0 9 9 3 16 4
13 9 14 8 9 0 3 8 13 8
13 9 14 9 9 3 0 8 13 8
15 9 16 3 3 8 8 0 15 3
3 9 3 16 16 13 13 15 0 15
15 9 15 3 4 8 8 3 15 0
0 19 15 16 15
19 0 21 16 18
15 21 0 9 8
16 16 9 0 6
15 18 8 6 0
