8 9 250 73 27
36 25 37 17 17 12 15 43 41
40 29 59 21 16 16 21 53 74
92 67 101 26 40 29 46 124 154
33 24 36 3 9 13 14 44 50
9 17 11 7 4 6 7 7 26
33 28 48 12 15 10 15 45 64
23 22 45 9 19 11 7 36 44
29 32 44 6 8 10 18 36 55
38 44 102 31 15 42 29 38
0 5 10 5 11 11 5 10
5 0 10 5 11 11 5 10
10 10 0 9 9 9 9 5
5 5 9 0 11 11 5 10
11 11 9 11 0 5 11 8
11 11 9 11 5 0 11 9
5 5 9 5 11 11 0 10
10 10 5 10 8 9 10 0
0 19 19 15 14 18 16 16 15
19 0 7 19 14 7 19 18 13
19 7 0 18 14 7 18 17 14
15 19 18 0 18 18 7 7 19
14 14 14 18 0 14 17 17 9
18 7 7 18 14 0 18 18 13
16 19 18 7 17 18 0 6 20
16 18 17 7 17 18 6 0 19
15 13 14 19 9 13 20 19 0
