4 9 250 3 97
118 71 96 122 83 73 129 113 32
259 125 182 190 123 188 216 219 62
211 132 154 196 112 135 189 178 52
167 82 148 136 73 109 124 158 31
62 107 103 80
0 16 18 12
16 0 2 13
18 2 0 14
12 13 14 0
0 9 11 34 35 29 35 29 9
9 0 13 34 35 29 35 29 10
11 13 0 35 36 31 36 31 11
34 34 35 0 12 14 13 13 34
35 35 36 12 0 17 11 15 36
29 29 31 14 17 0 15 10 30
35 35 36 13 11 15 0 14 36
29 29 31 13 15 10 14 0 30
9 10 11 34 36 30 36 30 0
