10 9 250 10 90
26 11 21 19 18 26 26 68 16
40 14 41 30 47 33 29 123 28
121 59 87 66 97 74 80 256 62
37 13 34 30 28 36 22 95 14
38 14 42 28 38 38 27 85 11
29 16 22 25 30 21 18 56 17
50 14 35 32 41 25 21 102 22
14 18 16 10 11 12 15 38 7
46 26 41 40 44 43 37 123 33
36 17 32 25 34 24 20 85 15
23 39 93 32 31 21 30 13 43 28
0 11 10 12 11 10 12 10 11 10
11 0 4 5 11 11 5 11 2 9
10 4 0 5 8 9 5 9 5 6
12 5 5 0 11 12 2 11 5 10
11 11 8 11 0 4 11 3 11 5
10 11 9 12 4 0 11 2 11 5
12 5 5 2 11 11 0 11 4 10
10 11 9 11 3 2 11 0 11 5
11 2 5 5 11 11 4 11 0 9
10 9 6 10 5 5 10 5 9 0
0 30 29 27 23 31 25 31 27
30 0 8 24 16 8 23 16 25
29 8 0 23 15 8 22 14 24
27 24 23 0 16 25 34 25 7
23 16 15 16 0 17 23 17 16
31 8 8 25 17 0 22 15 26
25 23 22 34 23 22 0 21 33
31 16 14 25 17 15 21 0 25
27 25 24 7 16 26 33 25 0
