4 6 250 12 88
145 127 45 102 32 52
162 168 34 147 39 84
205 204 57 162 54 102
147 144 34 129 37 69
64 80 107 84
0 4 12 9
4 0 13 3
12 13 0 12
9 3 12 0
0 25 28 11 11 23
25 0 18 24 24 18
28 18 0 28 28 18
11 24 28 0 10 22
11 24 28 10 0 22
23 18 18 22 22 0
