4 8 250 19 81
93 63 64 96 65 62 77 138
52 37 33 61 47 35 40 95
152 64 74 127 107 72 111 201
53 33 34 40 32 32 51 77
106 52 144 54
0 13 12 9
13 0 5 9
12 5 0 9
9 9 9 0
0 13 12 6 15 6 6 16
13 0 6 13 7 14 13 16
12 6 0 13 8 13 12 15
6 13 13 0 15 7 6 16
15 7 8 15 0 15 15 16
6 14 13 7 15 0 7 16
6 13 12 6 15 7 0 15
16 16 15 16 16 16 15 0
