9 8 250 16 84
10 20 11 8 10 9 16 18
9 12 1 5 6 7 6 2
19 35 23 31 30 35 26 25
15 27 16 17 20 21 20 32
6 7 6 7 7 9 9 6
14 30 15 11 20 19 26 22
18 46 29 30 40 41 36 26
20 38 20 15 21 18 24 23
14 44 23 23 25 28 22 34
27 13 53 40 14 37 69 47 53
0 7 18 6 18 19 19 6 7
7 0 19 6 19 19 19 6 6
18 19 0 19 5 5 6 19 20
6 6 19 0 19 19 19 5 6
18 19 5 19 0 5 6 19 20
19 19 5 19 5 0 7 19 20
19 19 6 19 6 7 0 19 20
6 6 19 5 19 19 19 0 6
7 6 20 6 20 20 20 6 0
0 26 25 25 34 25 25 11
26 0 9 10 17 10 11 24
25 9 0 10 18 10 11 23
25 10 10 0 19 10 10 22
34 17 18 19 0 20 19 31
25 10 10 10 20 0 11 23
25 11 11 10 19 11 0 23
11 24 23 22 31 23 23 0
