8 7 250 16 84
34 33 59 28 31 61 13
37 34 56 27 35 73 21
55 70 85 53 50 110 32
56 72 78 46 63 108 30
37 71 75 34 36 61 24
78 102 159 63 85 155 56
43 55 63 39 41 82 20
24 32 34 25 19 43 20
27 34 50 51 38 73 40 25
0 9 9 12 6 10 9 15
9 0 5 10 6 4 6 11
9 5 0 10 6 5 9 13
12 10 10 0 13 11 11 7
6 6 6 13 0 6 8 14
10 4 5 11 6 0 8 13
9 6 9 11 8 8 0 10
15 11 13 7 14 13 10 0
0 8 12 9 21 17 25
8 0 14 14 19 18 22
12 14 0 9 19 11 19
9 14 9 0 24 16 26
21 19 19 24 0 13 14
17 18 11 16 13 0 16
25 22 19 26 14 16 0
