10 6 250 9 91
25 28 20 10 37 10
54 59 40 29 64 26
40 53 31 22 50 20
98 124 64 40 132 51
52 66 45 24 78 18
79 74 53 28 96 26
36 43 21 11 43 8
29 31 26 19 21 11
45 44 41 22 68 13
45 58 34 26 53 25
19 40 32 69 36 48 22 17 34 33
0 7 6 7 6 5 7 4 8 5
7 0 7 9 7 6 6 7 9 6
6 7 0 8 4 7 7 6 10 6
7 9 8 0 8 6 7 7 8 7
6 7 4 8 0 7 7 6 11 7
5 6 7 6 7 0 5 5 7 4
7 6 7 7 7 5 0 7 8 5
4 7 6 7 6 5 7 0 8 5
8 9 10 8 11 7 8 8 0 7
5 6 6 7 7 4 5 5 7 0
0 21 18 18 31 29
21 0 20 9 17 14
18 20 0 16 29 24
18 9 16 0 21 17
31 17 29 21 0 14
29 14 24 17 14 0
