9 10 250 14 86
28 43 29 28 29 21 46 15 48 13
20 15 9 14 20 5 17 11 35 8
60 69 34 46 67 32 62 35 108 29
16 25 11 24 25 13 19 12 35 9
52 67 35 64 60 15 65 38 65 24
16 31 16 19 20 8 21 13 26 9
42 67 28 51 50 23 63 26 74 23
23 40 21 20 16 13 43 16 43 19
33 35 9 25 21 8 29 15 45 9
41 18 71 25 55 24 61 29 25
0 3 13 16 15 12 3 17 13
3 0 13 16 15 12 3 17 13
13 13 0 7 6 4 13 7 3
16 16 7 0 3 6 16 4 6
15 15 6 3 0 5 15 4 6
12 12 4 6 5 0 12 7 3
3 3 13 16 15 12 0 16 12
17 17 7 4 4 7 16 0 7
13 13 3 6 6 3 12 7 0
0 21 26 31 9 38 27 30 30 30
21 0 19 19 20 26 18 18 21 18
26 19 0 15 26 20 10 15 32 15
31 19 15 0 30 14 11 7 28 8
9 20 26 30 0 37 27 30 29 30
38 26 20 14 37 0 17 14 33 15
27 18 10 11 27 17 0 11 30 12
30 18 15 7 30 14 11 0 28 8
30 21 32 28 29 33 30 28 0 28
30 18 15 8 30 15 12 8 28 0
