7 10 250 6 94
35 9 13 20 18 18 21 26 8 9
77 32 23 47 76 24 53 76 27 28
84 35 21 46 85 36 52 83 35 23
159 72 56 73 145 57 102 124 43 45
117 57 56 84 115 31 79 118 43 42
94 51 42 44 106 43 78 84 47 22
40 21 17 22 33 22 35 38 9 21
16 48 47 78 66 60 23
0 5 4 14 16 5 17
5 0 4 13 15 4 16
4 4 0 13 15 5 16
14 13 13 0 5 15 6
16 15 15 5 0 17 4
5 4 5 15 17 0 18
17 16 16 6 4 18 0
0 15 19 12 15 19 12 15 6 13
15 0 18 18 7 18 18 7 14 22
19 18 0 22 19 6 21 19 18 23
12 18 22 0 19 22 6 19 12 10
15 7 19 19 0 19 19 6 14 22
19 18 6 22 19 0 22 19 19 24
12 18 21 6 19 22 0 19 12 9
15 7 19 19 6 19 19 0 14 23
6 14 18 12 14 19 12 14 0 14
13 22 23 10 22 24 9 23 14 0
