10 8 250 20 80
11 18 10 24 9 21 18 33
35 68 47 126 40 99 77 184
21 32 25 54 17 59 56 96
4 22 27 30 21 30 25 40
18 30 27 58 22 51 40 75
26 36 41 86 36 55 55 105
16 15 22 42 19 27 32 56
27 47 44 64 38 61 51 84
31 52 38 101 43 90 81 124
19 32 25 49 30 51 42 88
13 68 31 18 29 43 20 42 55 28
0 4 11 11 12 11 12 4 6 4
4 0 11 11 12 11 12 4 6 4
11 11 0 4 4 4 4 11 9 11
11 11 4 0 4 4 4 11 9 11
12 12 4 4 0 4 4 12 10 12
11 11 4 4 4 0 4 11 9 12
12 12 4 4 4 4 0 12 10 12
4 4 11 11 12 11 12 0 6 4
6 6 9 9 10 9 10 6 0 7
4 4 11 11 12 12 12 4 7 0
0 10 14 13 12 16 13 18
10 0 15 17 15 19 13 18
14 15 0 20 10 13 12 15
13 17 20 0 16 18 19 22
12 15 10 16 0 10 10 12
16 19 13 18 10 0 14 13
13 13 12 19 10 14 0 11
18 18 15 22 12 13 11 0
