9 5 250 23 77
30 32 31 28 16
53 56 55 55 29
47 42 48 45 28
8 6 9 13 5
30 39 34 33 18
43 48 45 41 24
41 44 45 53 20
22 25 24 20 12
60 36 59 54 22
28 51 49 9 34 43 49 24 55
0 17 17 10 10 10 10 10 9
17 0 4 14 13 14 19 19 14
17 4 0 14 13 14 19 19 14
10 14 14 0 10 4 9 9 4
10 13 13 10 0 10 14 14 10
10 14 14 4 10 0 9 9 4
10 19 19 9 14 9 0 4 9
10 19 19 9 14 9 4 0 9
9 14 14 4 10 4 9 9 0
0 15 10 38 40
15 0 12 35 35
10 12 0 35 37
38 35 35 0 19
40 35 37 19 0
