9 9 250 4 96
26 40 67 32 20 92 37 52 37
26 41 70 34 32 88 36 44 33
31 54 77 39 29 90 31 43 29
5 23 40 15 8 33 20 23 13
31 51 66 30 22 88 22 35 21
31 91 110 49 42 146 64 62 47
12 29 49 27 17 64 20 34 25
18 42 51 33 18 85 41 35 26
35 79 125 67 48 147 51 74 51
33 35 41 18 35 57 28 30 62
0 8 5 18 18 4 8 9 4
8 0 9 17 17 8 5 5 8
5 9 0 18 18 5 8 9 5
18 17 18 0 6 18 17 16 18
18 17 18 6 0 18 17 16 18
4 8 5 18 18 0 8 9 4
8 5 8 17 17 8 0 5 8
9 5 9 16 16 9 5 0 8
4 8 5 18 18 4 8 8 0
0 18 30 8 26 21 17 21 31
18 0 22 19 19 11 9 9 23
30 22 0 31 21 23 20 21 7
8 19 31 0 27 21 17 21 32
26 19 21 27 0 23 20 21 21
21 11 23 21 23 0 13 8 24
17 9 20 17 20 13 0 11 21
21 9 21 21 21 8 11 0 22
31 23 7 32 21 24 21 22 0
