4 8 250 13 87
43 78 46 36 85 75 78 118
52 65 68 43 79 57 83 153
83 119 91 65 153 114 139 232
68 111 72 62 121 74 101 210
66 65 109 86
0 16 17 4
16 0 16 16
17 16 0 16
4 16 16 0
0 10 35 34 35 10 33 34
10 0 35 34 35 12 33 34
35 35 0 11 8 36 10 10
34 34 11 0 11 36 11 9
35 35 8 11 0 36 10 10
10 12 36 36 36 0 34 35
33 33 10 11 10 34 0 9
34 34 10 9 10 35 9 0
