4 8 250 8 92
25 45 27 11 13 36 7 13
73 134 87 42 64 130 22 64
48 78 42 28 32 68 14 35
48 91 56 25 37 87 15 38
42 141 78 87
0 8 15 15
8 0 14 16
15 14 0 5
15 16 5 0
0 22 22 10 21 22 13 21
22 0 8 25 9 7 23 8
22 8 0 26 9 8 23 9
10 25 26 0 24 25 12 24
21 9 9 24 0 8 21 8
22 7 8 25 8 0 22 8
13 23 23 12 21 22 0 21
21 8 9 24 8 8 21 0
