4 10 250 3 97
29 63 23 26 62 47 38 20 40 44
61 198 68 100 172 152 115 88 87 77
80 184 77 110 242 157 120 99 129 116
25 76 25 50 82 60 46 43 50 52
37 113 133 49
0 2 14 14
2 0 14 14
14 14 0 2
14 14 2 0
0 15 15 11 26 15 10 15 19 16
15 0 15 15 24 14 14 10 21 16
15 15 0 16 22 14 15 15 17 11
11 15 16 0 27 16 11 15 19 17
26 24 22 27 0 21 26 24 24 21
15 14 14 16 21 0 15 14 19 14
10 14 15 11 26 15 0 15 19 16
15 10 15 15 24 14 15 0 21 16
19 21 17 19 24 19 19 21 0 17
16 16 11 17 21 14 16 16 17 0
