7 10 250 45 55
7 21 21 20 21 5 7 16 15 8
24 81 68 84 116 35 40 116 122 60
15 46 51 45 72 17 14 63 65 30
9 28 23 27 30 12 12 31 41 14
10 28 36 30 58 13 23 41 32 25
5 37 28 27 51 14 24 50 52 22
2 26 18 27 33 10 10 22 22 11
22 111 63 37 40 47 25
0 15 15 5 10 11 9
15 0 4 15 19 19 11
15 4 0 15 19 19 10
5 15 15 0 10 10 9
10 19 19 10 0 5 13
11 19 19 10 5 0 13
9 11 10 9 13 13 0
0 13 13 9 13 10 22 13 10 10
13 0 9 13 10 13 18 10 13 13
13 9 0 13 9 13 18 9 13 13
9 13 13 0 12 9 22 13 10 10
13 10 9 12 0 12 18 10 13 13
10 13 13 9 12 0 22 12 10 9
22 18 18 22 18 22 0 18 22 22
13 10 9 13 10 12 18 0 13 13
10 13 13 10 13 10 22 13 0 9
10 13 13 10 13 9 22 13 9 0
