4 8 250 4 96
76 63 52 134 65 64 24 51
164 162 155 349 146 163 66 128
200 196 178 391 198 202 91 148
183 193 135 353 172 175 76 119
40 103 114 101
0 12 4 13
12 0 12 4
4 12 0 13
13 4 13 0
0 22 17 17 12 13 11 15
22 0 19 31 19 28 15 11
17 19 0 27 18 20 15 14
17 31 27 0 16 22 23 26
12 19 18 16 0 21 14 14
13 28 20 22 21 0 17 22
11 15 15 23 14 17 0 10
15 11 14 26 14 22 10 0
