4 7 250 44 56
73 48 103 62 36 48 61
130 88 238 131 103 101 162
430 219 615 352 230 219 435
148 70 225 104 80 77 177
34 69 192 61
0 4 18 4
4 0 2 5
18 2 0 8
4 5 8 0
0 13 11 15 10 11 15
13 0 11 10 13 11 10
11 11 0 14 8 6 13
15 10 14 0 16 14 6
10 13 8 16 0 8 15
11 11 6 14 8 0 13
15 10 13 6 15 13 0
