9 8 250 30 70
13 33 20 25 19 41 12 42
36 60 43 81 38 96 44 103
50 73 44 74 46 122 49 90
14 32 18 33 25 60 16 45
24 47 29 62 30 70 33 70
47 84 55 100 65 173 54 153
52 67 35 56 41 110 36 85
72 129 66 121 73 196 72 175
48 59 39 53 48 106 36 90
16 41 38 18 29 60 37 77 35
0 13 11 5 16 6 12 11 12
13 0 6 13 10 13 14 6 14
11 6 0 12 10 12 13 6 13
5 13 12 0 17 5 13 11 13
16 10 10 17 0 17 14 11 14
6 13 12 5 17 0 13 11 13
12 14 13 13 14 13 0 13 5
11 6 6 11 11 11 13 0 13
12 14 13 13 14 13 5 13 0
0 39 13 11 13 11 10 11
39 0 38 37 34 36 40 40
13 38 0 16 15 14 12 10
11 37 16 0 11 9 13 14
13 34 15 11 0 9 13 15
11 36 14 9 9 0 12 13
10 40 12 13 13 12 0 10
11 40 10 14 15 13 10 0
