6 8 250 12 88
32 61 77 124 62 95 42 66
94 147 157 243 114 218 83 111
90 118 147 243 114 160 80 91
62 72 93 124 80 135 53 69
47 64 81 118 56 100 41 48
58 68 93 133 50 118 46 48
45 84 68 50 37 43
0 4 11 9 7 9
4 0 12 12 7 10
11 12 0 9 5 6
9 12 9 0 7 9
7 7 5 7 0 7
9 10 6 9 7 0
0 10 23 20 22 19 19 10
10 0 24 19 22 19 19 10
23 24 0 22 10 25 25 24
20 19 22 0 22 23 23 20
22 22 10 22 0 24 23 23
19 19 25 23 24 0 10 18
19 19 25 23 23 10 0 18
10 10 24 20 23 18 18 0
