6 8 250 93 7
16 10 20 25 11 35 10 14
18 14 21 40 12 32 19 23
11 25 35 45 16 54 12 19
10 12 20 27 19 34 15 19
6 16 15 26 17 43 13 15
76 63 115 143 80 221 53 105
30 38 43 32 29 154
0 9 5 11 11 9
9 0 9 15 15 7
5 9 0 12 12 8
11 15 12 0 5 16
11 15 12 5 0 16
9 7 8 16 16 0
0 9 29 11 11 9 13 14
9 0 30 12 11 9 14 15
29 30 0 31 31 29 27 25
11 12 31 0 9 12 13 15
11 11 31 9 0 11 14 15
9 9 29 12 11 0 14 14
13 14 27 13 14 14 0 10
14 15 25 15 15 14 10 0
