6 9 250 20 80
51 124 102 36 24 155 21 8 65
33 95 52 23 12 108 10 7 40
126 295 261 69 51 367 39 28 144
146 383 309 86 53 378 45 44 137
27 82 83 23 13 119 14 9 30
54 141 132 35 21 141 12 10 61
38 28 92 98 27 42
0 13 12 13 2 13
13 0 3 2 12 3
12 3 0 2 11 2
13 2 2 0 12 2
2 12 11 12 0 12
13 3 2 2 12 0
0 17 12 12 27 18 27 12 27
17 0 15 14 21 7 21 14 21
12 15 0 6 27 15 27 6 27
12 14 6 0 27 15 27 6 27
27 21 27 27 0 22 6 27 6
18 7 15 15 22 0 22 14 22
27 21 27 27 6 22 0 26 6
12 14 6 6 27 14 26 0 27
27 21 27 27 6 22 6 27 0
