6 9 250 24 76
8 17 12 22 25 25 14 10 14
12 19 20 16 53 33 17 31 12
33 58 50 55 99 72 29 52 33
13 26 16 20 47 23 13 17 17
16 45 26 25 47 31 11 30 13
6 14 10 16 22 24 5 12 9
39 56 110 45 66 30
0 16 16 19 20 5
16 0 5 18 17 15
16 5 0 18 18 15
19 18 18 0 6 19
20 17 18 6 0 20
5 15 15 19 20 0
0 23 9 25 27 23 24 24 9
23 0 23 21 27 11 11 11 24
9 23 0 25 26 23 24 24 9
25 21 25 0 33 19 18 19 25
27 27 26 33 0 28 28 28 26
23 11 23 19 28 0 9 9 24
24 11 24 18 28 9 0 9 24
24 11 24 19 28 9 9 0 24
9 24 9 25 26 24 24 24 0
