6 8 250 14 86
52 52 60 39 94 94 35 116
113 110 110 65 188 159 42 221
77 115 120 57 177 149 53 188
25 27 29 11 35 30 14 53
46 50 52 27 101 72 19 117
65 77 78 45 112 92 48 134
53 92 90 20 39 53
0 3 12 10 2 15
3 0 13 12 3 17
12 13 0 8 12 5
10 12 8 0 11 9
2 3 12 11 0 16
15 17 5 9 16 0
0 29 7 17 8 31 27 15
29 0 30 35 28 34 26 32
7 30 0 17 8 30 26 15
17 35 17 0 18 35 27 9
8 28 8 18 0 29 26 17
31 34 30 35 29 0 21 36
27 26 26 27 26 21 0 28
15 32 15 9 17 36 28 0
