9 9 250 7 93
14 7 14 9 11 8 9 7 7
35 18 10 12 17 26 14 6 5
42 18 19 21 15 22 12 15 11
52 33 28 35 19 33 14 13 11
20 10 13 11 5 19 7 4 6
60 28 30 28 32 36 20 26 16
9 15 8 10 12 14 9 3 6
8 5 3 3 6 3 2 1 3
5 0 7 2 5 5 3 3 3
23 43 47 68 25 77 28 10 10
0 9 8 5 5 5 19 9 9
9 0 5 8 11 10 18 4 4
8 5 0 7 10 9 17 4 5
5 8 7 0 7 5 17 7 7
5 11 10 7 0 5 19 11 11
5 10 9 5 5 0 18 10 10
19 18 17 17 19 18 0 17 18
9 4 4 7 11 10 17 0 5
9 4 5 7 11 10 18 5 0
0 25 29 29 16 14 14 27 14
25 0 17 14 31 19 17 23 20
29 17 0 25 27 18 19 31 29
29 14 25 0 33 25 24 14 20
16 31 27 33 0 15 21 29 24
14 19 18 25 15 0 9 26 18
14 17 19 24 21 9 0 27 15
27 23 31 14 29 26 27 0 19
14 20 29 20 24 18 15 19 0
