8 6 250 13 87
38 34 22 26 28 71
64 66 55 55 47 126
75 85 55 47 79 134
25 20 16 14 29 48
35 38 37 27 39 66
41 33 29 27 38 66
74 58 61 42 57 122
92 92 104 56 96 187
25 49 54 20 29 28 49 71
0 3 11 11 9 3 8 8
3 0 12 12 9 3 8 8
11 12 0 3 13 11 13 13
11 12 3 0 13 11 13 13
9 9 13 13 0 9 3 4
3 3 11 11 9 0 8 8
8 8 13 13 3 8 0 3
8 8 13 13 4 8 3 0
0 16 20 20 20 17
16 0 20 20 20 10
20 20 0 11 10 20
20 20 11 0 10 20
20 20 10 10 0 20
17 10 20 20 20 0
