9 5 250 34 66
16 1 7 3 4
99 22 42 30 27
76 16 37 20 28
57 7 19 12 19
38 5 12 7 13
60 11 21 15 16
33 3 12 9 8
37 4 27 11 24
98 18 42 24 20
11 65 50 35 22 38 20 33 68
0 4 10 5 10 11 6 13 12
4 0 9 10 7 7 3 14 7
10 9 0 10 4 5 6 4 15
5 10 10 0 12 15 10 10 18
10 7 4 12 0 4 3 9 10
11 7 5 15 4 0 4 11 10
6 3 6 10 3 4 0 11 7
13 14 4 10 9 11 11 0 20
12 7 15 18 10 10 7 20 0
0 28 33 30 29
28 0 19 18 9
33 19 0 17 19
30 18 17 0 18
29 9 19 18 0
