4 7 250 3 97
134 56 129 175 90 35 144
194 97 180 242 153 77 200
204 84 172 301 191 76 198
195 70 188 300 156 80 198
57 93 104 85
0 11 2 15
11 0 9 12
2 9 0 14
15 12 14 0
0 16 15 16 20 20 18
16 0 8 8 25 25 17
15 8 0 7 24 24 17
16 8 7 0 24 24 17
20 25 24 24 0 7 23
20 25 24 24 7 0 23
18 17 17 17 23 23 0
