9 8 250 15 85
13 13 19 26 33 13 9 35
15 12 20 47 43 18 17 39
37 44 63 115 80 58 21 102
14 29 40 65 56 30 12 50
64 69 117 237 128 111 52 179
8 6 16 29 15 15 4 25
19 10 26 40 29 20 15 41
9 12 17 37 24 15 11 24
6 8 28 33 11 8 8 28
19 28 67 33 120 16 25 17 17
0 4 5 12 10 11 11 12 10
4 0 4 13 11 11 12 13 11
5 4 0 13 11 11 11 13 11
12 13 13 0 7 7 7 4 8
10 11 11 7 0 4 5 7 4
11 11 11 7 4 0 4 7 4
11 12 11 7 5 4 0 7 5
12 13 13 4 7 7 7 0 8
10 11 11 8 4 4 5 8 0
0 14 36 16 36 36 15 17
14 0 33 20 34 34 9 10
36 33 0 30 8 8 33 34
16 20 30 0 31 30 20 22
36 34 8 31 0 9 33 34
36 34 8 30 9 0 33 34
15 9 33 20 33 33 0 9
17 10 34 22 34 34 9 0
