6 9 250 93 7
17 25 17 27 25 17 7 16 23
76 91 65 115 84 69 41 56 46
67 77 59 100 73 66 33 43 37
69 82 96 111 102 84 37 72 65
40 49 48 78 51 57 17 31 19
60 86 80 132 95 84 47 63 48
20 64 57 81 41 79
0 9 6 6 5 10
9 0 10 10 9 6
6 10 0 6 5 11
6 10 6 0 6 12
5 9 5 6 0 11
10 6 11 12 11 0
0 11 10 21 21 21 29 38 11
11 0 11 23 22 21 30 39 11
10 11 0 21 20 20 29 38 11
21 23 21 0 13 21 22 32 21
21 22 20 13 0 20 20 29 21
21 21 20 21 20 0 30 32 19
29 30 29 22 20 30 0 27 29
38 39 38 32 29 32 27 0 38
11 11 11 21 21 19 29 38 0
