8 7 250 58 42
43 13 60 35 10 21 72
22 10 27 14 7 7 40
79 39 100 55 15 23 157
80 45 94 58 10 25 167
50 22 48 35 14 19 94
53 22 75 42 16 20 105
63 20 75 35 13 13 99
112 80 151 116 40 59 273
28 14 56 55 31 35 34 86
0 11 7 8 12 14 12 6
11 0 13 14 8 10 14 10
7 13 0 5 12 16 10 6
8 14 5 0 12 17 10 7
12 8 12 12 0 10 13 10
14 10 16 17 10 0 19 14
12 14 10 10 13 19 0 11
6 10 6 7 10 14 11 0
0 20 9 21 21 21 21
20 0 21 9 9 9 9
9 21 0 21 22 22 22
21 9 21 0 10 10 9
21 9 22 10 0 9 8
21 9 22 10 9 0 9
21 9 22 9 8 9 0
