6 10 250 6 94
27 43 9 7 35 25 15 52 19 31
74 129 33 32 89 55 68 119 41 87
51 111 33 33 96 55 61 119 33 86
85 190 61 50 142 104 106 154 81 147
89 138 57 47 123 77 81 134 67 117
40 70 21 17 61 29 49 70 23 49
23 56 53 94 81 39
0 10 16 10 12 4
10 0 10 8 10 8
16 10 0 8 10 13
10 8 8 0 5 8
12 10 10 5 0 9
4 8 13 8 9 0
0 8 10 16 27 15 9 18 15 16
8 0 10 17 26 15 9 19 15 16
10 10 0 15 28 13 10 17 14 14
16 17 15 0 28 9 14 9 10 9
27 26 28 28 0 28 26 29 26 27
15 15 13 9 28 0 13 11 9 9
9 9 10 14 26 13 0 16 13 14
18 19 17 9 29 11 16 0 11 10
15 15 14 10 26 9 13 11 0 9
16 16 14 9 27 9 14 10 9 0
