5 10 250 37 63
27 31 49 15 41 36 30 26 62 31
82 108 141 41 76 111 79 73 183 88
56 48 78 19 48 64 62 35 99 58
53 86 114 34 66 81 57 54 151 78
166 193 284 90 208 257 183 174 339 210
23 68 44 53 161
0 8 13 2 13
8 0 9 8 9
13 9 0 12 2
2 8 12 0 13
13 9 2 13 0
0 32 17 31 19 8 21 18 22 30
32 0 30 9 28 31 25 28 39 8
17 30 0 28 11 15 13 11 20 28
31 9 28 0 27 30 24 27 38 8
19 28 11 27 0 17 9 8 20 26
8 31 15 30 17 0 19 16 21 30
21 25 13 24 9 19 0 10 21 23
18 28 11 27 8 16 10 0 18 26
22 39 20 38 20 21 21 18 0 38
30 8 28 8 26 30 23 26 38 0
