7 10 250 19 81
16 7 7 16 19 16 59 2 7 11
15 15 7 10 40 15 63 3 5 14
54 40 15 34 94 22 161 7 9 38
45 35 12 31 90 29 166 6 14 44
23 10 8 21 46 14 77 3 4 16
28 27 15 28 65 20 133 8 7 30
31 18 16 32 51 16 94 7 13 36
24 32 76 77 34 57 52
0 13 12 13 11 13 12
13 0 5 5 14 13 5
12 5 0 5 14 12 5
13 5 5 0 14 12 5
11 14 14 14 0 13 13
13 13 12 12 13 0 13
12 5 5 5 13 13 0
0 15 16 17 15 12 19 15 15 10
15 0 12 14 12 13 15 10 10 15
16 12 0 11 10 15 16 12 13 16
17 14 11 0 11 16 18 14 15 17
15 12 10 11 0 14 16 12 13 15
12 13 15 16 14 0 17 14 13 12
19 15 16 18 16 17 0 15 14 19
15 10 12 14 12 14 15 0 11 15
15 10 13 15 13 13 14 11 0 15
10 15 16 17 15 12 19 15 15 0
