5 5 250 19 81
52 141 135 90 30
69 93 101 71 45
98 198 208 141 72
114 167 181 122 50
69 95 121 74 32
55 53 100 85 54
0 3 16 16 3
3 0 14 14 2
16 14 0 3 17
16 14 3 0 17
3 2 17 17 0
0 13 16 14 14
13 0 15 15 10
16 15 0 13 15
14 15 13 0 15
14 10 15 15 0
