8 4 250 12 88
24 12 20 23
34 21 43 33
63 48 67 85
14 14 23 16
73 65 104 105
49 53 58 79
44 45 46 62
47 32 53 64
17 28 64 16 73 58 41 40
0 8 5 9 12 8 5 14
8 0 9 5 10 11 8 15
5 9 0 9 12 8 5 15
9 5 9 0 9 11 9 15
12 10 12 9 0 12 13 11
8 11 8 11 12 0 9 11
5 8 5 9 13 9 0 15
14 15 15 15 11 11 15 0
0 8 14 26
8 0 22 8
14 22 0 26
26 8 26 0
