10 7 250 16 84
20 8 30 29 24 30 14
11 17 17 36 11 19 15
40 21 35 39 34 32 8
39 15 36 59 28 60 15
23 14 23 32 26 26 8
28 16 23 49 14 32 13
20 8 18 34 13 19 9
22 7 12 28 22 20 6
14 10 19 24 13 13 4
14 6 17 36 6 7 3
39 31 48 57 33 41 31 25 22 20
0 4 9 14 8 9 14 4 14 14
4 0 8 14 8 8 13 3 14 14
9 8 0 15 4 4 15 8 15 15
14 14 15 0 15 15 4 14 4 4
8 8 4 15 0 4 15 8 15 15
9 8 4 15 4 0 15 8 15 15
14 13 15 4 15 15 0 13 4 4
4 3 8 14 8 8 13 0 14 13
14 14 15 4 15 15 4 14 0 4
14 14 15 4 15 15 4 13 4 0
0 22 22 25 26 24 25
22 0 16 30 32 14 28
22 16 0 19 22 7 32
25 30 19 0 6 21 34
26 32 22 6 0 24 35
24 14 7 21 24 0 31
25 28 32 34 35 31 0
