4 9 250 15 85
16 2 3 3 6 2 4 27 3
77 28 31 18 48 28 64 108 11
44 17 16 8 19 17 29 61 11
66 31 32 14 35 12 40 87 10
21 141 81 100
0 19 19 3
19 0 2 20
19 2 0 20
3 20 20 0
0 13 12 17 18 15 15 8 18
13 0 8 19 19 18 18 12 19
12 8 0 19 19 18 18 12 20
17 19 19 0 8 15 14 18 8
18 19 19 8 0 15 14 18 8
15 18 18 15 15 0 8 16 16
15 18 18 14 14 8 0 15 15
8 12 12 18 18 16 15 0 19
18 19 20 8 8 16 15 19 0
