7 9 250 3 97
16 31 25 17 8 23 27 47 20
26 52 26 27 26 25 39 62 17
41 65 57 56 24 47 51 101 37
146 228 132 124 100 167 181 341 141
34 36 31 34 13 43 41 76 34
40 79 44 50 36 66 55 110 48
48 75 58 53 42 56 71 148 45
19 23 44 142 31 44 45
0 7 4 7 8 11 8
7 0 7 5 5 8 5
4 7 0 8 8 11 8
7 5 8 0 5 9 5
8 5 8 5 0 8 5
11 8 11 9 8 0 8
8 5 8 5 5 8 0
0 12 8 22 9 13 13 23 14
12 0 12 26 11 9 10 26 18
8 12 0 22 9 13 14 22 14
22 26 22 0 23 27 28 8 20
9 11 9 23 0 12 13 23 15
13 9 13 27 12 0 9 27 19
13 10 14 28 13 9 0 28 19
23 26 22 8 23 27 28 0 20
14 18 14 20 15 19 19 20 0
