8 4 250 13 87
110 63 74 43
298 188 218 142
185 119 170 84
135 74 112 55
137 65 116 59
120 87 93 46
334 207 246 145
194 115 176 79
23 64 43 33 28 31 66 47
0 12 12 12 12 12 12 11
12 0 12 4 16 17 15 12
12 12 0 12 16 17 14 7
12 4 12 0 16 17 15 13
12 16 16 16 0 6 7 13
12 17 17 17 6 0 9 15
12 15 14 15 7 9 0 11
11 12 7 13 13 15 11 0
0 7 25 8
7 0 25 8
25 25 0 24
8 8 24 0
