7 10 250 1 99
37 91 21 25 42 36 8 18 27 58
52 123 18 34 41 37 19 29 42 60
58 174 28 36 77 53 18 38 57 96
69 215 57 52 85 72 19 51 52 135
18 56 8 7 7 18 4 12 9 17
34 94 32 15 50 30 11 13 33 50
20 72 18 14 33 26 9 11 25 44
42 56 75 90 16 41 28
0 13 8 12 5 12 5
13 0 11 5 13 4 12
8 11 0 11 7 11 7
12 5 11 0 12 5 12
5 13 7 12 0 12 4
12 4 11 5 12 0 12
5 12 7 12 4 12 0
0 10 14 7 12 14 15 10 10 11
10 0 13 10 9 13 12 6 8 10
14 13 0 15 14 7 17 13 12 9
7 10 15 0 13 15 16 10 11 12
12 9 14 13 0 14 12 8 10 11
14 13 7 15 14 0 17 13 12 9
15 12 17 16 12 17 0 12 12 15
10 6 13 10 8 13 12 0 8 10
10 8 12 11 10 12 12 8 0 9
11 10 9 12 11 9 15 10 9 0
