10 10 250 15 85
65 26 18 43 59 21 37 21 41 28
169 43 71 121 189 75 91 52 94 73
123 36 43 94 117 45 57 42 69 64
67 17 16 42 69 19 38 21 45 26
37 10 14 38 43 19 19 14 26 32
68 23 19 53 78 21 30 21 58 42
57 25 21 54 59 20 33 16 39 32
110 28 26 84 108 40 68 24 57 69
105 31 40 99 118 49 60 25 56 70
56 9 16 45 53 18 23 17 29 29
24 69 50 28 18 29 25 43 48 21
0 11 10 11 14 9 14 14 10 3
11 0 17 2 17 17 17 18 2 9
10 17 0 17 11 2 10 11 17 11
11 2 17 0 17 17 17 18 3 10
14 17 11 17 0 12 2 2 17 15
9 17 2 17 12 0 11 12 17 11
14 17 10 17 2 11 0 3 17 14
14 18 11 18 2 12 3 0 18 15
10 2 17 3 17 17 17 18 0 9
3 9 11 10 15 11 14 15 9 0
0 24 21 19 10 25 24 26 25 25
24 0 15 15 23 21 9 17 19 17
21 15 0 17 19 25 15 16 18 16
19 15 17 0 18 17 15 20 20 20
10 23 19 18 0 25 22 24 24 24
25 21 25 17 25 0 21 26 25 25
24 9 15 15 22 21 0 18 19 18
26 17 16 20 24 26 18 0 11 9
25 19 18 20 24 25 19 11 0 10
25 17 16 20 24 25 18 9 10 0
