9 8 250 7 93
146 38 47 39 23 41 29 34
201 53 66 39 34 66 41 70
201 70 86 49 27 82 55 88
259 73 106 70 44 102 55 114
371 108 123 98 65 113 64 131
98 24 27 17 15 27 19 37
129 33 49 33 14 42 20 56
122 30 41 24 27 38 23 41
66 22 23 12 17 24 11 21
30 42 48 57 76 20 30 23 15
0 6 4 11 5 7 3 2 5
6 0 7 13 4 7 6 6 7
4 7 0 12 6 7 4 4 6
11 13 12 0 12 16 11 11 9
5 4 6 12 0 8 5 5 6
7 7 7 16 8 0 7 7 10
3 6 4 11 5 7 0 2 5
2 6 4 11 5 7 2 0 5
5 7 6 9 6 10 5 5 0
0 18 37 11 38 37 10 19
18 0 33 20 34 34 19 10
37 33 0 37 11 13 37 32
11 20 37 0 38 37 10 22
38 34 11 38 0 11 38 34
37 34 13 37 11 0 37 34
10 19 37 10 38 37 0 20
19 10 32 22 34 34 20 0
