7 6 250 63 37
52 78 49 13 23 98
80 90 82 23 33 163
85 95 56 23 42 188
64 87 69 22 25 158
113 184 116 40 71 219
51 55 32 14 19 79
83 133 105 36 40 166
32 46 55 46 73 25 59
0 14 3 12 14 13 12
14 0 12 4 3 3 4
3 12 0 11 13 12 11
12 4 11 0 4 3 2
14 3 13 4 0 3 4
13 3 12 3 3 0 3
12 4 11 2 4 3 0
0 28 10 14 11 34
28 0 29 26 27 22
10 29 0 13 11 34
14 26 13 0 15 30
11 27 11 15 0 33
34 22 34 30 33 0
