9 6 250 70 30
14 11 41 13 16 11
28 15 76 35 20 34
27 35 125 53 30 53
44 38 196 67 54 74
27 19 99 38 34 31
33 21 82 45 16 39
31 24 115 59 37 49
36 26 73 35 24 31
44 37 113 53 46 47
14 29 43 67 32 33 46 34 49
0 2 10 11 10 3 4 10 4
2 0 10 12 10 2 4 10 4
10 10 0 4 3 11 8 3 8
11 12 4 0 5 12 10 4 9
10 10 3 5 0 10 8 3 7
3 2 11 12 10 0 5 10 5
4 4 8 10 8 5 0 8 2
10 10 3 4 3 10 8 0 7
4 4 8 9 7 5 2 7 0
0 30 23 24 19 11
30 0 24 24 22 29
23 24 0 10 18 22
24 24 10 0 18 23
19 22 18 18 0 17
11 29 22 23 17 0
