10 4 250 37 63
10 15 20 8
30 30 49 28
29 31 49 36
21 24 42 15
77 86 118 70
12 17 22 11
35 41 67 43
11 8 21 8
11 16 19 11
28 22 34 16
13 40 39 27 91 18 55 14 15 28
0 10 10 6 9 9 10 13 3 3
10 0 3 12 12 12 4 18 10 10
10 3 0 12 13 13 4 17 10 10
6 12 12 0 10 11 12 10 6 7
9 12 13 10 0 3 13 17 9 9
9 12 13 11 3 0 13 17 9 10
10 4 4 12 13 13 0 18 10 10
13 18 17 10 17 17 18 0 13 13
3 10 10 6 9 9 10 13 0 3
3 10 10 7 9 10 10 13 3 0
0 20 30 7
20 0 14 13
30 14 0 27
7 13 27 0
