5 9 250 5 95
33 31 19 48 27 68 44 32 29
88 73 53 120 59 146 81 109 78
79 76 48 114 59 128 52 106 55
60 65 37 90 47 127 46 84 61
34 55 31 64 38 73 31 48 44
42 96 79 76 48
0 9 12 5 9
9 0 14 9 5
12 14 0 12 14
5 9 12 0 9
9 5 14 9 0
0 10 15 12 13 37 10 12 12
10 0 18 14 14 38 6 14 15
15 18 0 9 10 35 18 8 10
12 14 9 0 8 36 14 7 9
13 14 10 8 0 34 14 8 12
37 38 35 36 34 0 37 35 39
10 6 18 14 14 37 0 14 15
12 14 8 7 8 35 14 0 9
12 15 10 9 12 39 15 9 0
