10 5 250 17 83
62 35 53 27 34
101 95 114 39 85
124 140 167 81 131
178 164 230 82 139
86 85 103 45 81
80 65 87 41 55
55 48 70 30 54
81 78 100 42 64
159 139 182 91 119
80 59 78 33 68
17 31 52 59 29 28 22 26 53 26
0 13 14 13 12 11 11 7 16 11
13 0 14 5 5 14 13 10 18 14
14 14 0 14 14 11 11 14 9 11
13 5 14 0 5 14 13 10 18 14
12 5 14 5 0 13 13 9 18 13
11 14 11 14 13 0 5 12 11 4
11 13 11 13 13 5 0 12 11 5
7 10 14 10 9 12 12 0 17 12
16 18 9 18 18 11 11 17 0 11
11 14 11 14 13 4 5 12 11 0
0 8 28 32 32
8 0 28 31 31
28 28 0 36 37
32 31 36 0 7
32 31 37 7 0
