4 8 250 21 79
22 24 39 83 63 29 79 43
22 23 32 74 64 32 81 46
45 35 74 162 148 69 180 112
33 31 48 123 81 48 117 77
64 53 140 88
0 16 14 3
16 0 5 16
14 5 0 14
3 16 14 0
0 6 15 13 13 16 16 11
6 0 15 12 12 16 15 11
15 15 0 9 11 14 11 11
13 12 9 0 11 15 13 11
13 12 11 11 0 11 11 7
16 16 14 15 11 0 12 12
16 15 11 13 11 12 0 11
11 11 11 11 7 12 11 0
