5 10 250 4 96
31 47 30 33 18 21 35 21 16 41
51 59 50 39 12 23 37 27 16 51
115 142 136 111 88 69 114 83 73 113
104 99 88 88 58 60 88 43 57 91
70 85 82 76 38 53 80 42 51 76
35 36 120 81 77
0 17 3 2 3
17 0 17 18 19
3 17 0 3 4
2 18 3 0 2
3 19 4 2 0
0 23 8 18 14 13 23 9 20 18
23 0 23 19 15 23 7 22 18 28
8 23 0 18 14 14 24 8 20 19
18 19 18 0 15 18 19 18 9 17
14 15 14 15 0 16 16 14 16 22
13 23 14 18 16 0 23 15 20 18
23 7 24 19 16 23 0 23 19 29
9 22 8 18 14 15 23 0 20 19
20 18 20 9 16 20 19 20 0 19
18 28 19 17 22 18 29 19 19 0
