10 6 250 7 93
54 64 19 29 61 22
43 48 29 38 66 42
123 146 60 99 164 85
46 63 23 35 67 34
21 28 11 23 24 24
59 84 31 56 98 47
41 46 20 30 31 33
45 69 36 47 69 34
67 108 40 62 120 58
31 43 13 24 41 30
26 28 74 26 15 39 22 36 48 20
0 14 4 14 10 9 14 5 14 14
14 0 14 4 19 19 5 14 4 4
4 14 0 13 11 10 13 3 13 14
14 4 13 0 19 19 4 13 3 4
10 19 11 19 0 4 19 11 19 20
9 19 10 19 4 0 19 11 19 19
14 5 13 4 19 19 0 13 4 4
5 14 3 13 11 11 13 0 13 14
14 4 13 3 19 19 4 13 0 4
14 4 14 4 20 19 4 14 4 0
0 19 18 10 12 17
19 0 12 19 20 13
18 12 0 17 19 10
10 19 17 0 12 17
12 20 19 12 0 19
17 13 10 17 19 0
