9 7 250 25 75
10 37 22 26 23 39 22
22 76 89 113 90 136 89
23 63 63 86 49 82 64
6 22 32 25 27 25 21
13 28 43 34 50 48 45
20 62 95 132 103 108 67
15 18 36 50 50 53 35
22 44 60 78 47 81 68
22 81 108 118 94 118 68
17 62 45 14 23 57 23 40 54
0 14 12 13 10 6 12 10 11
14 0 20 6 18 15 20 17 18
12 20 0 19 7 12 5 8 9
13 6 19 0 17 13 19 16 17
10 18 7 17 0 10 8 6 7
6 15 12 13 10 0 12 10 10
12 20 5 19 8 12 0 8 9
10 17 8 16 6 10 8 0 6
11 18 9 17 7 10 9 6 0
0 10 11 36 36 34 36
10 0 11 37 37 35 36
11 11 0 38 37 36 37
36 37 38 0 26 22 17
36 37 37 26 0 37 19
34 35 36 22 37 0 29
36 36 37 17 19 29 0
