9 5 250 16 84
8 28 104 34 26
8 14 85 21 45
34 92 320 114 157
19 56 204 63 98
5 14 65 23 33
19 75 250 69 110
22 54 175 68 69
17 29 152 41 66
17 50 189 55 79
20 19 75 47 16 56 41 30 40
0 9 8 11 4 12 14 10 4
9 0 10 16 11 19 18 15 8
8 10 0 12 9 16 19 12 7
11 16 12 0 11 6 19 14 13
4 11 9 11 0 12 12 8 5
12 19 16 6 12 0 18 15 15
14 18 19 19 12 18 0 11 13
10 15 12 14 8 15 11 0 9
4 8 7 13 5 15 13 9 0
0 7 15 11 12
7 0 17 10 14
15 17 0 16 13
11 10 16 0 15
12 14 13 15 0
