8 10 250 4 96
10 30 7 25 50 29 20 12 11 9
35 79 20 37 89 67 49 27 34 17
27 84 19 51 93 68 49 42 34 17
38 84 28 54 115 82 63 40 26 16
31 45 15 19 68 42 41 10 22 17
16 62 13 40 80 48 33 26 17 14
20 22 7 16 46 18 18 9 5 8
20 46 10 27 61 36 30 22 19 15
28 56 65 73 41 39 22 37
0 4 6 8 10 4 4 7
4 0 5 8 10 4 4 7
6 5 0 9 12 6 5 8
8 8 9 0 11 8 9 6
10 10 12 11 0 10 11 10
4 4 6 8 10 0 4 7
4 4 5 9 11 4 0 8
7 7 8 6 10 7 8 0
0 19 24 24 23 18 18 17 20 18
19 0 17 28 17 19 9 13 18 18
24 17 0 25 10 25 17 16 19 24
24 28 25 0 24 26 27 26 20 25
23 17 10 24 0 24 17 16 18 23
18 19 25 26 24 0 18 22 17 9
18 9 17 27 17 18 0 13 18 18
17 13 16 26 16 22 13 0 20 21
20 18 19 20 18 17 18 20 0 16
18 18 24 25 23 9 18 21 16 0
