9 7 250 21 79
54 7 11 33 33 29 61
51 17 8 24 39 28 49
156 46 32 116 125 95 151
291 80 70 226 255 192 278
15 0 3 6 12 16 10
59 17 29 61 75 54 87
79 18 10 51 63 55 55
63 19 14 64 62 51 64
159 32 21 133 136 130 176
19 15 52 99 5 28 24 28 60
0 9 11 5 6 8 9 9 11
9 0 11 9 8 5 4 5 11
11 11 0 11 11 11 11 11 5
5 9 11 0 5 8 8 8 11
6 8 11 5 0 8 8 8 11
8 5 11 8 8 0 5 5 12
9 4 11 8 8 5 0 5 11
9 5 11 8 8 5 5 0 11
11 11 5 11 11 12 11 11 0
0 24 25 11 22 23 11
24 0 12 25 12 11 25
25 12 0 26 13 12 26
11 25 26 0 23 24 10
22 12 13 23 0 11 23
23 11 12 24 11 0 24
11 25 26 10 23 24 0
