9 5 250 14 86
57 95 45 57 7
113 191 100 86 33
97 155 84 82 43
106 181 107 94 46
97 142 92 80 29
39 67 44 50 14
49 80 62 52 19
162 253 152 141 52
76 123 65 64 21
22 46 40 48 40 20 26 63 29
0 8 9 5 5 12 7 6 8
8 0 12 8 8 14 10 6 9
9 12 0 10 10 10 8 11 8
5 8 10 0 4 13 8 5 10
5 8 10 4 0 13 8 5 9
12 14 10 13 13 0 9 14 9
7 10 8 8 8 9 0 9 8
6 6 11 5 5 14 9 0 10
8 9 8 10 9 9 8 10 0
0 14 25 14 24
14 0 19 10 18
25 19 0 19 10
14 10 19 0 18
24 18 10 18 0
