7 6 250 16 84
75 73 48 84 61 62
72 66 61 71 56 82
93 88 69 96 66 93
125 139 85 111 109 105
84 67 57 60 61 65
68 79 50 61 54 61
122 124 58 98 85 71
43 38 55 64 45 42 56
0 15 4 15 15 17 16
15 0 14 4 4 7 6
4 14 0 14 14 16 15
15 4 14 0 5 6 6
15 4 14 5 0 8 4
17 7 16 6 8 0 8
16 6 15 6 4 8 0
0 12 13 35 12 35
12 0 12 40 12 40
13 12 0 36 8 36
35 40 36 0 36 8
12 12 8 36 0 36
35 40 36 8 36 0
