9 4 250 19 81
81 102 46 33
91 97 63 21
198 251 114 66
251 332 156 93
55 72 34 26
117 143 77 53
145 195 85 53
53 56 32 23
126 168 90 53
23 26 61 80 17 34 41 16 37
0 20 13 12 10 11 11 9 9
20 0 10 14 13 11 15 14 13
13 10 0 12 6 6 10 10 6
12 14 12 0 11 9 12 5 11
10 13 6 11 0 7 10 8 4
11 11 6 9 7 0 7 6 6
11 15 10 12 10 7 0 10 8
9 14 10 5 8 6 10 0 8
9 13 6 11 4 6 8 8 0
0 10 22 31
10 0 22 32
22 22 0 20
31 32 20 0
