10 9 250 29 71
21 8 13 5 20 5 42 22 7
23 16 27 4 23 11 36 33 14
54 23 35 20 53 12 107 44 41
25 11 17 4 19 12 38 20 14
40 26 29 13 32 15 95 40 26
12 7 12 5 13 11 34 19 12
49 24 35 12 50 15 114 45 23
36 14 18 2 26 11 41 19 26
28 21 30 5 21 14 49 36 15
34 22 27 14 30 12 71 22 22
21 30 60 22 43 18 51 31 35 38
0 8 13 15 11 9 5 11 15 8
8 0 12 13 10 8 8 10 13 5
13 12 0 12 10 9 13 13 12 12
15 13 12 0 11 12 15 13 6 12
11 10 10 11 0 9 11 8 11 10
9 8 9 12 9 0 9 11 12 8
5 8 13 15 11 9 0 11 15 9
11 10 13 13 8 11 11 0 12 9
15 13 12 6 11 12 15 12 0 12
8 5 12 12 10 8 9 9 12 0
0 6 6 6 34 7 35 6 34
6 0 6 7 35 7 37 7 36
6 6 0 6 34 6 36 6 35
6 7 6 0 33 6 34 6 33
34 35 34 33 0 34 8 33 6
7 7 6 6 34 0 35 7 34
35 37 36 34 8 35 0 34 7
6 7 6 6 33 7 34 0 33
34 36 35 33 6 34 7 33 0
