9 8 250 9 91
15 26 12 12 12 13 17 11
25 37 12 18 12 23 27 26
19 41 23 23 24 29 24 23
11 12 11 19 4 9 12 9
4 13 7 10 10 5 8 10
10 28 16 17 9 12 13 7
25 60 14 29 26 38 30 36
13 31 20 20 9 26 22 15
31 71 33 38 35 59 38 39
29 40 42 19 14 25 52 35 76
0 12 7 8 3 7 3 12 13
12 0 11 10 11 12 11 14 6
7 11 0 7 7 3 8 11 11
8 10 7 0 8 7 9 7 8
3 11 7 8 0 7 3 12 13
7 12 3 7 7 0 8 11 12
3 11 8 9 3 8 0 12 13
12 14 11 7 12 11 12 0 11
13 6 11 8 13 12 13 11 0
0 9 23 22 16 17 18 16
9 0 23 23 18 19 18 18
23 23 0 20 24 26 18 24
22 23 20 0 23 25 25 26
16 18 24 23 0 10 19 12
17 19 26 25 10 0 20 12
18 18 18 25 19 20 0 16
16 18 24 26 12 12 16 0
