9 8 250 15 85
20 24 12 11 8 7 22 7
18 25 8 8 10 10 30 11
31 40 14 25 17 12 34 24
36 51 31 12 28 15 49 18
19 17 10 11 15 3 20 9
29 29 21 9 20 16 39 18
30 29 12 16 28 19 31 18
38 48 25 18 31 16 28 24
56 81 31 20 31 20 71 42
22 27 43 50 22 38 38 45 77
0 9 10 9 9 9 10 9 6
9 0 11 5 6 6 11 5 10
10 11 0 11 11 11 6 11 10
9 5 11 0 5 6 11 5 10
9 6 11 5 0 5 11 6 10
9 6 11 6 5 0 10 6 10
10 11 6 11 11 10 0 11 10
9 5 11 5 6 6 11 0 10
6 10 10 10 10 10 10 10 0
0 12 7 12 11 7 17 12
12 0 12 7 13 12 12 7
7 12 0 13 11 7 17 12
12 7 13 0 13 12 12 7
11 13 11 13 0 10 19 13
7 12 7 12 10 0 17 12
17 12 17 12 19 17 0 12
12 7 12 7 13 12 12 0
