9 8 250 32 68
11 12 4 13 10 52 24 30
7 15 15 26 12 44 41 32
20 32 31 52 27 136 77 90
8 20 20 28 13 54 24 33
30 39 29 51 34 121 69 67
25 23 22 40 27 94 52 65
17 23 23 37 16 85 47 47
44 101 75 120 91 403 189 192
12 15 16 20 15 77 37 35
14 19 43 21 45 31 26 125 21
0 6 16 18 20 19 17 7 17
6 0 17 18 20 19 17 6 18
16 17 0 7 9 8 7 16 7
18 18 7 0 8 8 6 17 5
20 20 9 8 0 6 9 19 8
19 19 8 8 6 0 9 18 8
17 17 7 6 9 9 0 16 6
7 6 16 17 19 18 16 0 17
17 18 7 5 8 8 6 17 0
0 25 8 14 18 13 14 18
25 0 26 22 29 22 22 27
8 26 0 14 18 13 15 18
14 22 14 0 19 8 7 17
18 29 18 19 0 17 18 9
13 22 13 8 17 0 8 16
14 22 15 7 18 8 0 17
18 27 18 17 9 16 17 0
