5 6 250 8 92
43 45 67 32 19 48
78 71 99 33 45 64
154 110 206 61 87 154
87 66 90 38 42 81
96 76 125 36 42 72
34 58 122 54 65
0 17 12 17 3
17 0 6 2 18
12 6 0 6 14
17 2 6 0 19
3 18 14 19 0
0 21 21 23 21 20
21 0 9 29 20 9
21 9 0 29 20 9
23 29 29 0 27 29
21 20 20 27 0 20
20 9 9 29 20 0
