4 8 250 11 89
10 25 24 20 65 6 34 30
30 30 28 26 89 19 63 50
29 43 37 16 104 19 62 51
58 68 64 44 192 40 100 98
46 80 80 155
0 2 3 16
2 0 2 17
3 2 0 16
16 17 16 0
0 16 14 14 9 14 17 15
16 0 11 12 15 12 9 11
14 11 0 9 13 9 13 9
14 12 9 0 13 9 13 9
9 15 13 13 0 13 17 14
14 12 9 9 13 0 13 9
17 9 13 13 17 13 0 12
15 11 9 9 14 9 12 0
