7 4 250 12 88
8 22 11 26
28 124 62 116
20 48 28 63
16 27 20 42
19 50 16 43
27 50 26 62
14 46 29 50
19 97 50 31 39 46 47
0 11 12 11 11 11 12
11 0 13 5 13 5 5
12 13 0 13 6 13 13
11 5 13 0 13 5 5
11 13 6 13 0 14 14
11 5 13 5 14 0 6
12 5 13 5 14 6 0
0 38 40 9
38 0 8 37
40 8 0 39
9 37 39 0
