9 9 250 58 42
35 35 15 65 20 6 73 46 32
55 74 28 116 31 23 114 69 35
74 62 20 128 40 13 99 74 33
51 62 19 84 40 7 66 51 44
113 109 44 186 57 28 176 124 95
30 40 12 45 14 7 39 21 18
23 22 11 29 11 3 27 24 20
45 60 18 96 33 11 88 65 50
30 31 13 58 20 6 59 39 23
26 44 44 34 83 19 14 45 24
0 6 4 10 10 12 10 11 10
6 0 7 6 6 15 7 11 6
4 7 0 10 10 11 10 10 10
10 6 10 0 3 16 3 11 3
10 6 10 3 0 16 4 11 3
12 15 11 16 16 0 16 9 17
10 7 10 3 4 16 0 11 4
11 11 10 11 11 9 11 0 12
10 6 10 3 3 17 4 12 0
0 7 7 14 16 16 8 14 7
7 0 6 15 17 17 7 15 7
7 6 0 15 17 17 7 15 7
14 15 15 0 14 14 16 7 15
16 17 17 14 0 6 16 14 16
16 17 17 14 6 0 16 13 16
8 7 7 16 16 16 0 15 7
14 15 15 7 14 13 15 0 15
7 7 7 15 16 16 7 15 0
