7 7 250 11 89
67 53 45 41 32 65 35
128 75 79 79 85 121 75
204 123 132 157 120 166 104
80 48 63 48 60 70 69
95 61 68 40 77 89 53
159 99 108 87 86 159 85
89 60 58 44 50 73 50
30 58 83 40 44 72 37
0 11 14 8 11 15 6
11 0 13 7 3 15 9
14 13 0 12 13 6 16
8 7 12 0 7 13 6
11 3 13 7 0 15 9
15 15 6 13 15 0 16
6 9 16 6 9 16 0
0 9 25 36 34 11 26
9 0 20 31 21 7 25
25 20 0 12 35 15 21
36 31 12 0 40 31 16
34 21 35 40 0 29 39
11 7 15 31 29 0 30
26 25 21 16 39 30 0
