5 6 250 35 65
312 100 174 92 80 33
217 58 109 49 85 19
568 153 294 157 170 55
279 102 171 79 94 24
436 117 234 123 160 53
64 37 112 50 91
0 4 18 19 18
4 0 18 18 17
18 18 0 4 4
19 18 4 0 4
18 17 4 4 0
0 23 23 30 23 9
23 0 24 22 9 22
23 24 0 21 25 23
30 22 21 0 23 29
23 9 25 23 0 22
9 22 23 29 22 0
