4 9 250 22 78
41 37 60 27 98 48 49 36 113
72 98 148 63 230 92 116 70 237
119 140 227 87 300 150 140 117 387
29 31 72 25 97 41 59 35 102
50 99 141 43
0 5 9 13
5 0 9 13
9 9 0 9
13 13 9 0
0 34 8 6 33 7 8 27 34
34 0 32 34 7 33 34 28 8
8 32 0 7 31 7 8 27 32
6 34 7 0 33 8 8 27 33
33 7 31 33 0 32 32 28 6
7 33 7 8 32 0 10 26 33
8 34 8 8 32 10 0 28 33
27 28 27 27 28 26 28 0 27
34 8 32 33 6 33 33 27 0
