8 4 250 2 98
15 31 58 57
18 40 62 42
28 82 108 93
30 62 102 87
124 232 296 256
56 103 112 121
37 75 107 93
63 118 129 116
21 18 36 34 109 43 34 46
0 12 12 9 14 12 7 13
12 0 14 9 11 5 12 9
12 14 0 10 18 14 12 16
9 9 10 0 13 9 9 11
14 11 18 13 0 11 15 7
12 5 14 9 11 0 12 9
7 12 12 9 15 12 0 14
13 9 16 11 7 9 14 0
0 32 17 32
32 0 21 7
17 21 0 21
32 7 21 0
