10 6 250 4 96
31 35 40 21 38 34
32 51 38 26 32 40
52 76 112 52 86 81
34 66 59 42 70 58
51 87 103 55 102 80
31 68 65 40 61 55
22 43 48 25 47 51
23 44 57 30 39 56
27 58 66 36 51 56
46 62 73 42 52 52
21 24 45 37 55 35 25 27 32 39
0 9 8 18 8 19 6 10 9 13
9 0 9 15 6 16 8 6 5 12
8 9 0 17 9 18 8 10 8 13
18 15 17 0 16 7 18 15 15 12
8 6 9 16 0 16 8 7 6 12
19 16 18 7 16 0 19 16 16 13
6 8 8 18 8 19 0 9 8 13
10 6 10 15 7 16 9 0 6 12
9 5 8 15 6 16 8 6 0 12
13 12 13 12 12 13 13 12 12 0
0 13 13 17 11 12
13 0 6 19 7 6
13 6 0 19 6 6
17 19 19 0 18 19
11 7 6 18 0 6
12 6 6 19 6 0
