4 7 250 18 82
103 190 84 46 82 62 75
49 110 49 20 49 35 55
119 253 89 63 96 63 116
79 187 67 39 87 67 86
97 50 121 87
0 5 5 18
5 0 4 19
5 4 0 20
18 19 20 0
0 29 20 11 27 20 31
29 0 22 26 28 23 27
20 22 0 19 31 10 27
11 26 19 0 25 20 30
27 28 31 25 0 32 37
20 23 10 20 32 0 28
31 27 27 30 37 28 0
