7 9 250 12 88
10 31 7 11 8 18 19 18 15
47 132 30 43 30 43 62 65 30
37 104 23 38 17 31 48 48 25
19 80 11 23 26 28 32 39 19
17 63 11 13 11 19 18 32 10
46 155 27 48 20 59 61 97 36
34 119 20 24 28 55 50 51 18
20 70 55 43 28 73 62
0 13 11 11 17 12 17
13 0 18 19 20 4 20
11 18 0 4 14 17 17
11 19 4 0 14 17 16
17 20 14 14 0 19 7
12 4 17 17 19 0 19
17 20 17 16 7 19 0
0 31 31 30 9 18 29 29 35
31 0 14 30 32 27 30 13 11
31 14 0 28 31 30 28 10 15
30 30 28 0 31 34 8 26 32
9 32 31 31 0 19 31 29 35
18 27 30 34 19 0 33 27 30
29 30 28 8 31 33 0 26 32
29 13 10 26 29 27 26 0 15
35 11 15 32 35 30 32 15 0
