4 10 250 14 86
7 13 24 45 32 22 46 21 46 21
13 15 39 58 56 21 65 30 52 22
12 32 22 62 52 15 82 40 74 43
36 62 101 152 135 56 194 108 160 88
40 59 65 177
0 3 2 16
3 0 2 17
2 2 0 18
16 17 18 0
0 26 16 21 10 14 22 24 21 20
26 0 17 13 26 34 12 24 12 15
16 17 0 16 17 24 16 25 16 16
21 13 16 0 22 29 7 19 8 12
10 26 17 22 0 15 23 24 22 19
14 34 24 29 15 0 30 29 29 27
22 12 16 7 23 30 0 19 7 12
24 24 25 19 24 29 19 0 19 17
21 12 16 8 22 29 7 19 0 11
20 15 16 12 19 27 12 17 11 0
