9 5 250 25 75
51 18 6 8 14
86 28 24 16 40
71 26 15 14 20
212 61 33 36 59
204 60 44 28 73
58 22 9 6 23
85 34 18 11 38
63 17 10 7 16
32 13 6 9 14
19 37 28 76 78 23 34 23 15
0 7 15 4 9 10 5 6 9
7 0 13 8 6 7 8 9 6
15 13 0 15 11 11 15 15 12
4 8 15 0 10 10 4 5 9
9 6 11 10 0 4 9 10 4
10 7 11 10 4 0 10 11 5
5 8 15 4 9 10 0 5 9
6 9 15 5 10 11 5 0 10
9 6 12 9 4 5 9 10 0
0 14 15 19 9
14 0 16 21 16
15 16 0 16 16
19 21 16 0 16
9 16 16 16 0
