10 7 250 26 74
16 40 31 9 9 46 10
7 41 20 5 6 37 9
33 111 51 29 16 108 39
42 89 28 25 27 92 26
10 28 17 3 5 41 8
19 62 39 17 12 65 15
21 46 20 13 13 56 23
18 44 10 13 5 57 27
48 154 56 33 30 149 61
26 65 28 14 10 67 26
23 19 51 48 16 32 25 25 73 36
0 3 5 9 8 5 3 8 13 8
3 0 4 9 7 6 3 8 10 8
5 4 0 10 6 8 6 10 11 10
9 9 10 0 6 5 8 2 10 5
8 7 6 6 0 6 7 6 9 7
5 6 8 5 6 0 4 4 11 4
3 3 6 8 7 4 0 7 11 6
8 8 10 2 6 4 7 0 9 3
13 10 11 10 9 11 11 9 0 9
8 8 10 5 7 4 6 3 9 0
0 32 9 9 31 22 9
32 0 32 32 9 20 32
9 32 0 9 31 22 9
9 32 9 0 32 22 9
31 9 31 32 0 19 32
22 20 22 22 19 0 22
9 32 9 9 32 22 0
