8 7 250 22 78
18 19 16 47 12 32 33
176 133 102 346 112 202 305
95 64 55 170 37 112 142
56 39 33 106 35 79 90
51 48 47 100 32 81 93
58 44 30 96 26 56 68
51 31 30 112 20 73 76
65 33 37 119 37 71 93
14 106 50 36 36 28 34 39
0 7 10 10 10 7 10 7
7 0 10 9 9 5 8 5
10 10 0 12 10 10 12 10
10 9 12 0 7 8 5 9
10 9 10 7 0 9 7 9
7 5 10 8 9 0 8 5
10 8 12 5 7 8 0 8
7 5 10 9 9 5 8 0
0 26 6 19 19 23 35
26 0 26 20 19 14 19
6 26 0 19 19 22 35
19 20 19 0 7 12 31
19 19 19 7 0 11 31
23 14 22 12 11 0 26
35 19 35 31 31 26 0
