6 9 250 27 73
24 4 7 6 7 1 5 5 3
84 27 50 11 46 22 21 18 23
117 39 69 14 59 35 34 19 34
60 27 62 9 36 15 28 11 28
39 21 30 4 34 10 18 16 16
30 17 26 13 17 11 19 7 22
16 74 102 72 48 41
0 12 3 5 3 5
12 0 12 11 13 11
3 12 0 5 4 5
5 11 5 0 5 4
3 13 4 5 0 6
5 11 5 4 6 0
0 35 37 36 34 36 34 11 35
35 0 10 9 9 11 10 37 9
37 10 0 10 12 10 12 39 10
36 9 10 0 10 11 10 38 10
34 9 12 10 0 12 9 36 10
36 11 10 11 12 0 12 37 10
34 10 12 10 9 12 0 36 10
11 37 39 38 36 37 36 0 37
35 9 10 10 10 10 10 37 0
