4 8 250 17 83
70 84 70 73 121 86 38 78
165 180 158 146 284 201 71 137
151 158 164 172 293 182 96 171
71 58 70 64 129 84 26 62
49 121 107 46
0 14 5 14
14 0 14 13
5 14 0 13
14 13 13 0
0 24 25 16 25 18 23 7
24 0 6 29 6 25 7 24
25 6 0 30 7 26 7 25
16 29 30 0 29 24 29 18
25 6 7 29 0 26 8 25
18 25 26 24 26 0 23 19
23 7 7 29 8 23 0 22
7 24 25 18 25 19 22 0
