6 6 250 14 86
47 77 64 85 16 78
39 56 57 44 21 61
80 158 132 148 50 137
68 97 87 113 28 117
43 59 67 65 14 49
46 85 54 58 18 85
52 35 99 72 40 45
0 14 14 14 14 14
14 0 5 5 5 5
14 5 0 5 5 5
14 5 5 0 5 5
14 5 5 5 0 5
14 5 5 5 5 0
0 13 9 33 9 29
13 0 16 38 14 35
9 16 0 31 10 27
33 38 31 0 34 12
9 14 10 34 0 31
29 35 27 12 31 0
