6 10 250 59 41
27 46 78 98 58 55 29 59 94 24
11 18 32 35 27 13 10 24 32 5
140 198 323 440 256 193 104 262 354 88
46 64 100 166 80 95 36 107 140 34
24 31 68 87 54 43 12 45 62 19
39 39 68 86 34 41 20 64 87 14
42 14 145 59 30 36
0 18 4 10 10 9
18 0 18 13 14 14
4 18 0 9 9 9
10 13 9 0 3 4
10 14 9 3 0 4
9 14 9 4 4 0
0 15 24 19 19 22 20 28 27 20
15 0 17 15 16 14 15 20 19 12
24 17 0 16 18 10 11 11 12 12
19 15 16 0 21 15 16 20 18 11
19 16 18 21 0 18 12 22 23 19
22 14 10 15 18 0 12 12 11 10
20 15 11 16 12 12 0 16 18 14
28 20 11 20 22 12 16 0 10 16
27 19 12 18 23 11 18 10 0 14
20 12 12 11 19 10 14 16 14 0
