8 4 250 61 39
66 28 49 22
56 26 47 16
206 104 171 90
110 44 79 36
38 24 36 12
100 54 83 31
85 37 63 28
50 13 31 20
32 25 102 54 23 53 35 23
0 17 9 17 17 17 17 9
17 0 15 4 5 5 5 15
9 15 0 15 15 16 15 4
17 4 15 0 5 5 4 15
17 5 15 5 0 5 5 15
17 5 16 5 5 0 5 15
17 5 15 4 5 5 0 15
9 15 4 15 15 15 15 0
0 10 6 31
10 0 11 21
6 11 0 30
31 21 30 0
