7 9 250 16 84
36 32 79 46 43 105 112 19 40
13 13 39 16 19 44 41 6 11
79 50 204 75 82 195 204 33 55
36 32 108 52 49 107 125 12 30
46 48 141 53 52 138 171 23 36
37 16 62 39 23 68 77 10 19
39 34 67 29 30 94 93 18 29
51 19 93 50 61 34 40
0 16 9 5 14 9 12
16 0 16 16 6 12 14
9 16 0 7 17 9 9
5 16 7 0 14 11 8
14 6 17 14 0 13 13
9 12 9 11 13 0 14
12 14 9 8 13 14 0
0 9 15 9 15 15 14 16 15
9 0 14 9 15 14 14 15 15
15 14 0 15 14 8 9 14 14
9 9 15 0 15 15 15 16 15
15 15 14 15 0 14 14 9 9
15 14 8 15 14 0 9 14 14
14 14 9 15 14 9 0 14 14
16 15 14 16 9 14 14 0 9
15 15 14 15 9 14 14 9 0
