5 10 250 15 85
29 18 19 10 11 19 24 34 12 15
102 96 84 62 87 147 78 128 56 88
25 38 30 32 32 49 31 59 22 28
92 76 72 75 88 108 91 100 53 76
63 57 53 51 61 83 50 81 37 54
22 109 43 97 65
0 11 10 6 6
11 0 13 9 9
10 13 0 12 12
6 9 12 0 3
6 9 12 3 0
0 30 31 26 30 31 26 17 26 10
30 0 9 25 7 8 15 24 24 29
31 9 0 26 9 8 15 23 25 30
26 25 26 0 26 25 29 25 7 25
30 7 9 26 0 8 15 24 25 29
31 8 8 25 8 0 16 24 24 30
26 15 15 29 15 16 0 19 28 26
17 24 23 25 24 24 19 0 25 19
26 24 25 7 25 24 28 25 0 25
10 29 30 25 29 30 26 19 25 0
