6 9 250 58 42
41 77 49 22 26 23 4 40 34
76 128 61 34 47 40 12 47 64
68 99 84 30 42 32 13 53 52
31 68 43 14 21 22 4 24 26
37 96 51 20 26 27 4 40 30
139 277 178 60 91 72 22 118 106
39 58 58 27 38 113
0 12 10 12 12 9
12 0 17 6 5 17
10 17 0 17 17 6
12 6 17 0 5 17
12 5 17 5 0 17
9 17 6 17 17 0
0 11 25 23 26 15 19 10 18
11 0 24 22 25 15 19 11 17
25 24 0 21 11 19 20 24 16
23 22 21 0 20 20 17 23 19
26 25 11 20 0 20 21 25 18
15 15 19 20 20 0 15 15 12
19 19 20 17 21 15 0 19 15
10 11 24 23 25 15 19 0 17
18 17 16 19 18 12 15 17 0
