8 9 250 27 73
14 29 24 5 24 14 38 25 22
15 27 30 5 26 12 48 38 20
16 29 40 12 30 16 34 25 20
22 19 26 10 22 14 32 31 14
24 64 84 26 62 36 83 68 29
10 21 26 10 9 6 23 18 15
28 51 48 9 35 17 65 40 17
10 13 28 2 27 6 25 23 12
37 38 39 35 88 24 53 29
0 16 7 16 11 3 12 13
16 0 16 3 11 16 10 12
7 16 0 16 9 7 9 10
16 3 16 0 10 16 10 12
11 11 9 10 0 11 3 6
3 16 7 16 11 0 12 14
12 10 9 10 3 12 0 6
13 12 10 12 6 14 6 0
0 17 22 19 29 19 16 9 25
17 0 11 25 15 10 13 22 16
22 11 0 35 20 20 19 24 26
19 25 35 0 29 18 22 24 22
29 15 20 29 0 13 16 31 22
19 10 20 18 13 0 13 25 13
16 13 19 22 16 13 0 17 25
9 22 24 24 31 25 17 0 32
25 16 26 22 22 13 25 32 0
