6 9 250 10 90
23 44 63 32 36 21 6 25 44
15 25 30 18 24 23 6 22 31
55 64 104 58 80 58 30 51 95
52 68 101 78 86 82 31 62 114
29 36 59 29 33 42 17 27 38
18 14 19 8 28 27 10 11 21
49 28 88 109 50 25
0 3 11 3 12 11
3 0 10 3 12 11
11 10 0 11 4 4
3 3 11 0 12 12
12 12 4 12 0 3
11 11 4 12 3 0
0 25 31 32 31 10 26 29 10
25 0 30 30 23 28 9 22 26
31 30 0 9 29 33 29 28 33
32 30 9 0 30 34 30 30 33
31 23 29 30 0 33 23 10 33
10 28 33 34 33 0 28 30 10
26 9 29 30 23 28 0 22 27
29 22 28 30 10 30 22 0 31
10 26 33 33 33 10 27 31 0
