5 7 250 11 89
24 11 63 12 29 9 12
78 34 178 45 115 22 30
100 50 222 52 132 45 63
57 35 134 23 85 8 25
163 79 362 82 219 69 84
20 63 91 47 141
0 3 10 8 8
3 0 10 8 8
10 10 0 11 14
8 8 11 0 11
8 8 14 11 0
0 12 17 10 20 22 19
12 0 19 13 21 23 20
17 19 0 16 18 29 10
10 13 16 0 20 23 17
20 21 18 20 0 25 18
22 23 29 23 25 0 30
19 20 10 17 18 30 0
