5 8 250 14 86
53 53 16 58 22 44 26 52
84 72 27 98 45 55 46 70
83 93 31 158 56 72 77 136
47 47 8 57 31 42 32 56
44 47 12 57 33 38 22 43
48 87 124 49 43
0 12 3 2 13
12 0 10 12 2
3 10 0 3 11
2 12 3 0 13
13 2 11 13 0
0 13 23 31 8 27 15 13
13 0 19 20 7 25 11 15
23 19 0 37 19 38 21 19
31 20 37 0 27 26 23 31
8 7 19 27 0 29 15 16
27 25 38 26 29 0 17 21
15 11 21 23 15 17 0 9
13 15 19 31 16 21 9 0
