7 7 250 32 68
12 2 5 10 4 4 2
42 8 12 25 18 24 3
53 14 15 36 9 13 13
102 17 31 34 21 29 16
94 30 23 49 19 23 12
14 1 2 9 2 4 0
125 28 41 52 20 42 6
11 41 43 66 79 10 82
0 11 9 10 10 17 4
11 0 14 14 13 13 10
9 14 0 3 4 15 9
10 14 3 0 4 15 10
10 13 4 4 0 14 10
17 13 15 15 14 0 17
4 10 9 10 10 17 0
0 15 22 26 13 11 18
15 0 11 14 17 11 9
22 11 0 9 20 15 12
26 14 9 0 25 20 13
13 17 20 25 0 9 20
11 11 15 20 9 0 14
18 9 12 13 20 14 0
