8 9 250 4 96
11 21 11 12 11 24 8 4 16
18 53 16 24 27 52 22 9 35
21 71 26 20 32 64 31 12 53
15 27 9 8 11 17 13 6 24
8 38 11 13 16 31 15 4 18
7 37 13 9 10 21 12 6 17
7 28 17 15 21 35 13 7 29
13 46 22 22 27 31 24 10 29
28 52 76 27 32 27 43 46
0 6 9 9 8 12 6 8
6 0 9 9 9 12 5 9
9 9 0 9 9 9 9 8
9 9 9 0 6 11 9 6
8 9 9 6 0 11 9 6
12 12 9 11 11 0 12 11
6 5 9 9 9 12 0 9
8 9 8 6 6 11 9 0
0 17 14 12 19 14 12 17 12
17 0 16 16 16 15 16 11 16
14 16 0 14 16 11 14 16 15
12 16 14 0 19 14 10 16 12
19 16 16 19 0 16 19 15 19
14 15 11 14 16 0 14 15 14
12 16 14 10 19 14 0 16 12
17 11 16 16 15 15 16 0 16
12 16 15 12 19 14 12 16 0
