8 9 250 45 55
12 14 26 17 6 6 8 3 21
46 48 54 49 21 28 6 14 41
33 46 67 55 11 23 13 16 41
4 5 9 7 3 1 1 3 13
24 22 34 29 12 9 7 4 24
26 27 48 25 8 9 8 8 21
19 23 38 24 11 9 7 4 21
14 22 20 23 8 7 4 4 20
29 67 75 12 36 41 40 31
0 2 2 7 2 12 2 2
2 0 3 8 2 12 3 3
2 3 0 7 2 12 2 2
7 8 7 0 7 11 7 7
2 2 2 7 0 12 2 2
12 12 12 11 12 0 13 12
2 3 2 7 2 13 0 2
2 3 2 7 2 12 2 0
0 12 13 17 11 22 12 17 12
12 0 7 13 12 20 6 13 6
13 7 0 13 13 20 7 13 7
17 13 13 0 15 14 12 6 13
11 12 13 15 0 17 12 14 12
22 20 20 14 17 0 19 13 20
12 6 7 12 12 19 0 12 6
17 13 13 6 14 13 12 0 13
12 6 7 13 12 20 6 13 0
