10 10 250 20 80
37 27 24 51 28 26 25 10 48 15
42 40 40 82 43 32 33 14 56 19
99 81 75 136 80 56 65 32 107 43
32 30 34 53 33 23 14 4 46 13
49 33 37 86 44 28 25 7 55 14
27 26 28 65 25 26 27 8 37 12
39 36 25 76 37 32 21 15 44 16
84 67 70 125 57 61 33 21 85 35
46 42 44 82 46 38 34 14 58 22
29 23 18 52 17 20 19 8 25 11
27 36 60 23 31 26 27 55 37 20
0 13 9 9 9 9 7 9 8 10
13 0 9 8 9 9 12 9 9 9
9 9 0 7 6 6 9 5 4 6
9 8 7 0 9 9 8 8 7 9
9 9 6 9 0 4 10 5 5 4
9 9 6 9 4 0 10 5 6 4
7 12 9 8 10 10 0 10 9 11
9 9 5 8 5 5 10 0 5 5
8 9 4 7 5 6 9 5 0 6
10 9 6 9 4 4 11 5 6 0
0 8 24 30 32 8 6 34 7 31
8 0 28 32 33 7 7 36 6 33
24 28 0 34 33 28 26 24 27 21
30 32 34 0 26 32 29 33 31 33
32 33 33 26 0 35 32 19 33 20
8 7 28 32 35 0 7 38 6 35
6 7 26 29 32 7 0 35 6 32
34 36 24 33 19 38 35 0 36 8
7 6 27 31 33 6 6 36 0 33
31 33 21 33 20 35 32 8 33 0
