10 9 250 13 87
6 19 7 2 8 17 12 9 10
11 40 2 3 10 21 11 2 8
12 38 10 5 15 33 9 10 14
13 36 8 8 24 20 19 13 18
7 13 1 2 5 10 11 6 4
12 26 18 6 25 28 23 21 21
5 26 5 1 7 15 4 1 9
8 19 4 1 13 23 9 8 10
14 21 6 3 14 23 21 5 8
13 23 12 4 20 10 15 12 12
25 30 47 48 19 59 23 30 36 33
0 6 18 17 5 4 17 18 3 17
6 0 18 16 4 5 16 17 5 16
18 18 0 5 16 18 5 4 18 4
17 16 5 0 15 15 4 4 16 4
5 4 16 15 0 4 15 16 4 15
4 5 18 15 4 0 16 17 4 16
17 16 5 4 15 16 0 4 17 3
18 17 4 4 16 17 4 0 18 3
3 5 18 16 4 4 17 18 0 17
17 16 4 4 15 16 3 3 17 0
0 25 12 25 9 23 23 10 24
25 0 32 11 28 10 7 30 7
12 32 0 31 9 30 30 7 31
25 11 31 0 28 8 12 30 11
9 28 9 28 0 27 27 8 27
23 10 30 8 27 0 9 29 8
23 7 30 12 27 9 0 28 6
10 30 7 30 8 29 28 0 29
24 7 31 11 27 8 6 29 0
