8 7 250 17 83
6 11 22 5 16 19 12
26 29 34 28 41 48 51
12 30 25 15 37 39 35
21 20 28 11 20 23 31
16 26 29 9 23 33 31
20 28 38 17 27 46 40
16 16 24 7 18 29 18
20 30 35 15 38 44 31
23 63 43 36 38 50 32 53
0 18 19 14 17 4 17 17
18 0 12 9 10 18 10 10
19 12 0 14 8 18 8 9
14 9 14 0 12 14 12 13
17 10 8 12 0 16 4 4
4 18 18 14 16 0 17 17
17 10 8 12 4 17 0 4
17 10 9 13 4 17 4 0
0 22 11 26 10 23 26
22 0 22 18 22 23 19
11 22 0 25 11 23 25
26 18 25 0 26 20 11
10 22 11 26 0 23 26
23 23 23 20 23 0 19
26 19 25 11 26 19 0
