4 10 250 11 89
25 89 28 34 68 65 22 20 26 13
81 299 99 106 246 176 107 82 96 31
64 183 70 77 157 100 63 43 59 22
45 108 44 41 85 64 29 27 47 17
45 153 85 59
0 19 3 3
19 0 18 18
3 18 0 3
3 18 3 0
0 21 23 18 19 8 10 16 16 9
21 0 30 17 25 20 19 17 18 20
23 30 0 33 21 24 23 31 32 24
18 17 33 0 27 18 18 13 14 18
19 25 21 27 0 18 21 22 22 18
8 20 24 18 18 0 11 15 15 7
10 19 23 18 21 11 0 17 18 11
16 17 31 13 22 15 17 0 9 15
16 18 32 14 22 15 18 9 0 15
9 20 24 18 18 7 11 15 15 0
