10 5 250 18 82
65 24 26 29 35
129 52 75 77 66
171 55 60 84 66
86 39 44 37 40
110 45 59 70 66
100 43 37 54 53
96 46 40 54 43
201 82 116 99 81
209 76 100 103 87
107 52 57 60 54
18 41 37 23 33 29 24 51 53 33
0 12 11 12 12 13 12 12 12 10
12 0 9 14 5 15 4 14 6 8
11 9 0 17 10 18 9 17 11 6
12 14 17 0 14 5 14 5 13 15
12 5 10 14 0 14 5 14 5 8
13 15 18 5 14 0 15 5 14 16
12 4 9 14 5 15 0 15 6 8
12 14 17 5 14 5 15 0 13 15
12 6 11 13 5 14 6 13 0 9
10 8 6 15 8 16 8 15 9 0
0 21 27 26 8
21 0 23 23 19
27 23 0 7 24
26 23 7 0 24
8 19 24 24 0
