10 8 250 29 71
17 14 2 2 8 10 12 8
46 38 14 17 22 21 29 22
57 63 20 27 37 44 54 42
34 39 10 12 22 23 23 22
90 82 31 40 67 67 72 54
48 51 20 29 38 51 53 40
110 120 42 73 98 110 87 96
40 45 14 18 24 36 37 35
33 34 20 10 25 22 26 22
46 66 13 25 31 44 44 27
9 22 36 22 53 37 83 26 22 34
0 15 15 5 14 5 9 13 15 14
15 0 5 14 10 15 13 10 5 11
15 5 0 14 10 15 13 10 5 11
5 14 14 0 13 6 9 12 14 13
14 10 10 13 0 14 9 5 10 5
5 15 15 6 14 0 9 13 15 14
9 13 13 9 9 9 0 9 13 9
13 10 10 12 5 13 9 0 10 5
15 5 5 14 10 15 13 10 0 11
14 11 11 13 5 14 9 5 11 0
0 17 19 19 9 19 22 17
17 0 14 15 17 14 16 10
19 14 0 9 19 10 16 14
19 15 9 0 19 10 16 14
9 17 19 19 0 19 23 17
19 14 10 10 19 0 16 14
22 16 16 16 23 16 0 17
17 10 14 14 17 14 17 0
