6 7 250 26 74
136 56 96 33 94 120 39
160 59 88 34 75 151 41
194 75 129 60 115 201 43
192 70 120 40 112 209 54
223 79 163 60 145 257 60
126 52 87 25 76 157 35
48 43 61 68 78 48
0 14 14 3 3 12
14 0 3 13 14 18
14 3 0 14 14 18
3 13 14 0 3 12
3 14 14 3 0 12
12 18 18 12 12 0
0 19 10 20 8 24 18
19 0 19 8 19 14 8
10 19 0 19 9 23 18
20 8 19 0 19 13 8
8 19 9 19 0 24 18
24 14 23 13 24 0 14
18 8 18 8 18 14 0
