7 8 250 8 92
53 26 36 41 50 41 32 34
58 25 48 67 63 57 32 28
109 56 109 110 113 113 67 79
61 25 38 56 45 59 38 41
55 44 63 82 59 60 41 55
87 45 56 72 83 72 47 58
37 19 35 49 43 31 24 28
33 45 79 38 51 56 28
0 9 18 8 8 8 8
9 0 13 4 8 5 5
18 13 0 12 12 12 12
8 4 12 0 5 3 3
8 8 12 5 0 5 5
8 5 12 3 5 0 3
8 5 12 3 5 3 0
0 30 11 28 31 29 29 9
30 0 31 25 11 10 22 31
11 31 0 26 31 30 27 10
28 25 26 0 27 24 11 27
31 11 31 27 0 11 25 31
29 10 30 24 11 0 22 29
29 22 27 11 25 22 0 28
9 31 10 27 31 29 28 0
