8 9 250 13 87
16 9 15 36 11 6 25 13 28
11 3 3 14 6 2 11 9 24
52 15 20 71 23 18 65 40 76
39 13 22 52 19 6 51 29 49
66 25 37 111 31 29 71 61 104
125 43 70 194 54 44 167 100 177
32 5 12 40 8 9 32 22 28
65 29 39 120 34 34 97 52 103
17 9 36 29 60 113 22 56
0 11 12 10 11 10 5 15
11 0 5 9 5 9 11 10
12 5 0 9 5 9 12 10
10 9 9 0 9 6 10 10
11 5 5 9 0 9 11 10
10 9 9 6 9 0 10 10
5 11 12 10 11 10 0 15
15 10 10 10 10 10 15 0
0 19 10 20 20 21 20 21 11
19 0 21 10 30 31 9 30 20
10 21 0 22 21 21 23 22 12
20 10 22 0 30 31 9 30 20
20 30 21 30 0 7 31 9 19
21 31 21 31 7 0 31 10 19
20 9 23 9 31 31 0 31 21
21 30 22 30 9 10 31 0 19
11 20 12 20 19 19 21 19 0
