10 8 250 14 86
46 24 23 26 22 43 52 44
26 20 17 13 10 24 26 38
53 42 42 49 55 83 72 101
115 57 61 54 75 111 116 141
46 29 17 31 27 59 49 43
71 64 40 49 57 90 77 89
83 45 54 49 52 87 74 96
67 36 29 40 41 76 102 90
87 74 58 60 63 89 93 115
44 33 19 26 28 49 48 52
20 14 41 51 22 43 44 35 53 24
0 7 10 6 3 10 10 9 10 10
7 0 13 8 7 13 9 10 13 11
10 13 0 12 10 3 10 7 3 7
6 8 12 0 5 11 10 11 12 10
3 7 10 5 0 10 10 8 10 9
10 13 3 11 10 0 11 8 3 7
10 9 10 10 10 11 0 6 10 6
9 10 7 11 8 8 6 0 7 6
10 13 3 12 10 3 10 7 0 7
10 11 7 10 9 7 6 6 7 0
0 9 9 25 23 9 24 24
9 0 9 24 22 10 23 23
9 9 0 25 24 9 25 25
25 24 25 0 11 25 11 9
23 22 24 11 0 23 10 10
9 10 9 25 23 0 25 25
24 23 25 11 10 25 0 10
24 23 25 9 10 25 10 0
