8 8 250 17 83
34 14 13 60 33 83 23 87
34 22 13 40 22 74 27 58
66 35 18 90 56 156 52 123
117 42 32 132 100 256 74 198
38 12 5 42 34 67 21 70
128 48 37 148 93 208 101 198
26 16 12 31 25 84 28 41
30 8 14 40 20 53 29 51
29 26 48 80 23 85 23 22
0 8 8 9 16 9 8 7
8 0 5 6 13 7 5 6
8 5 0 7 13 7 5 5
9 6 7 0 11 5 7 7
16 13 13 11 0 11 13 14
9 7 7 5 11 0 7 7
8 5 5 7 13 7 0 5
7 6 5 7 14 7 5 0
0 18 13 16 18 12 14 8
18 0 16 27 23 21 14 19
13 16 0 22 14 19 9 14
16 27 22 0 26 13 24 15
18 23 14 26 0 24 16 19
12 21 19 13 24 0 19 12
14 14 9 24 16 19 0 16
8 19 14 15 19 12 16 0
