9 9 250 14 86
33 24 21 26 42 30 10 15 15
58 48 47 44 57 39 26 49 23
81 89 64 74 109 96 38 55 54
38 43 48 37 59 41 19 35 20
55 57 36 40 65 52 33 45 15
46 32 39 42 57 49 35 36 19
81 59 63 74 98 81 44 58 40
49 55 68 52 69 44 32 40 23
50 50 46 58 81 51 22 42 29
20 38 54 28 39 35 52 35 35
0 3 6 4 6 5 10 9 3
3 0 6 3 6 5 9 9 3
6 6 0 7 4 4 11 10 7
4 3 7 0 6 6 9 9 4
6 6 4 6 0 4 11 11 6
5 5 4 6 4 0 10 9 6
10 9 11 9 11 10 0 4 10
9 9 10 9 11 9 4 0 9
3 3 7 4 6 6 10 9 0
0 14 17 11 20 11 15 24 11
14 0 19 16 19 15 10 19 16
17 19 0 19 29 20 21 30 19
11 16 19 0 19 9 16 23 8
20 19 29 19 0 18 17 15 19
11 15 20 9 18 0 16 23 9
15 10 21 16 17 16 0 17 16
24 19 30 23 15 23 17 0 24
11 16 19 8 19 9 16 24 0
