9 7 250 44 56
77 21 109 42 67 37 35
69 33 145 57 100 46 49
190 65 281 132 205 85 86
48 17 67 42 45 17 41
96 34 123 63 100 50 43
100 31 172 59 120 48 63
75 30 120 45 66 51 52
60 30 74 46 75 28 35
84 25 104 54 80 39 49
28 38 80 21 40 42 35 25 30
0 4 7 6 3 4 6 12 5
4 0 12 7 7 5 5 16 2
7 12 0 9 5 12 13 6 11
6 7 9 0 4 12 13 8 3
3 7 5 4 0 8 11 8 6
4 5 12 12 8 0 3 18 8
6 5 13 13 11 3 0 19 9
12 16 6 8 8 18 19 0 13
5 2 11 3 6 8 9 13 0
0 32 9 38 10 39 9
32 0 30 23 29 21 29
9 30 0 35 7 38 7
38 23 35 0 34 37 35
10 29 7 34 0 37 8
39 21 38 37 37 0 37
9 29 7 35 8 37 0
