8 10 250 49 51
19 18 22 25 55 24 17 43 11 21
14 19 13 28 52 15 22 27 15 21
90 80 63 99 220 95 96 124 63 85
11 14 6 12 33 12 4 17 7 10
31 29 16 28 71 21 26 36 16 30
12 20 8 12 55 18 21 22 11 21
10 7 8 8 40 16 24 22 11 20
37 35 22 29 83 39 38 46 24 29
34 30 127 16 38 25 22 52
0 7 11 7 7 10 7 10
7 0 11 4 7 10 3 13
11 11 0 11 7 4 11 11
7 4 11 0 8 10 4 13
7 7 7 8 0 7 7 10
10 10 4 10 7 0 10 11
7 3 11 4 7 10 0 13
10 13 11 13 10 11 13 0
0 12 6 16 8 14 8 14 12 13
12 0 7 23 14 17 15 18 11 11
6 7 0 18 10 15 11 15 11 12
16 23 18 0 11 12 11 8 17 23
8 14 10 11 0 11 6 7 10 16
14 17 15 12 11 0 9 9 14 14
8 15 11 11 6 9 0 9 13 14
14 18 15 8 7 9 9 0 11 19
12 11 11 17 10 14 13 11 0 17
13 11 12 23 16 14 14 19 17 0
