4 7 250 6 94
52 91 133 42 86 83 82
140 189 279 86 179 182 142
177 249 388 103 212 242 198
50 102 135 49 72 78 75
45 105 125 48
0 2 14 8
2 0 19 3
14 19 0 12
8 3 12 0
0 19 17 35 23 23 18
19 0 26 28 17 22 13
17 26 0 32 20 28 19
35 28 32 0 22 26 23
23 17 20 22 0 25 10
23 22 28 26 25 0 20
18 13 19 23 10 20 0
