5 7 250 16 84
19 9 24 63 8 28 26
34 24 60 186 32 84 80
49 21 70 203 38 89 87
85 62 99 340 61 138 125
28 21 45 134 28 57 47
26 74 72 120 50
0 12 6 12 13
12 0 13 10 10
6 13 0 12 13
12 10 12 0 5
13 10 13 5 0
0 18 17 11 10 11 11
18 0 16 19 19 19 18
17 16 0 17 17 17 17
11 19 17 0 10 10 11
10 19 17 10 0 11 10
11 19 17 10 11 0 11
11 18 17 11 10 11 0
