9 4 250 15 85
40 155 64 114
22 68 31 49
170 557 245 368
21 51 21 41
55 221 110 149
56 232 100 193
55 142 67 108
37 112 53 91
44 120 64 84
32 14 111 10 41 48 33 25 26
0 15 15 7 11 7 13 13 14
15 0 16 14 13 15 9 10 4
15 16 0 16 10 16 14 14 16
7 14 16 0 14 4 12 12 14
11 13 10 14 0 14 14 14 14
7 15 16 4 14 0 12 12 14
13 9 14 12 14 12 0 4 9
13 10 14 12 14 12 4 0 9
14 4 16 14 14 14 9 9 0
0 25 17 12
25 0 6 13
17 6 0 9
12 13 9 0
