6 8 250 2 98
26 41 54 50 53 50 30 43
27 41 34 37 41 29 27 24
61 95 103 90 116 106 93 101
57 98 84 78 108 93 68 70
49 51 63 52 76 65 47 45
32 42 31 36 49 38 31 41
43 36 90 89 53 37
0 5 12 4 4 4
5 0 10 4 4 5
12 10 0 11 10 11
4 4 11 0 4 4
4 4 10 4 0 4
4 5 11 4 4 0
0 18 24 22 27 23 27 28
18 0 30 14 33 24 33 26
24 30 0 35 10 18 10 33
22 14 35 0 36 28 37 21
27 33 10 36 0 19 9 34
23 24 18 28 19 0 18 28
27 33 10 37 9 18 0 35
28 26 33 21 34 28 35 0
