9 10 250 20 80
8 29 5 3 2 8 7 5 7 6
22 53 14 8 16 12 13 8 18 18
32 48 11 5 22 17 11 10 19 14
26 52 12 3 12 17 11 8 14 15
16 58 16 4 21 17 11 6 15 15
17 35 9 2 7 18 10 4 13 10
10 29 5 3 7 6 2 7 3 12
12 26 10 4 8 5 7 8 5 18
10 23 1 2 7 11 2 3 5 12
22 53 54 53 53 35 26 30 24
0 14 4 4 14 4 14 4 14
14 0 14 14 4 15 4 14 4
4 14 0 4 14 5 14 5 13
4 14 4 0 14 4 14 3 13
14 4 14 14 0 15 4 14 4
4 15 5 4 15 0 15 4 15
14 4 14 14 4 15 0 14 4
4 14 5 3 14 4 14 0 14
14 4 13 13 4 15 4 14 0
0 26 26 9 27 26 9 26 9 9
26 0 21 26 22 21 27 21 26 25
26 21 0 25 9 9 25 9 25 24
9 26 25 0 26 25 9 25 9 9
27 22 9 26 0 10 26 10 26 25
26 21 9 25 10 0 25 9 25 24
9 27 25 9 26 25 0 26 8 9
26 21 9 25 10 9 26 0 25 25
9 26 25 9 26 25 8 25 0 9
9 25 24 9 25 24 9 25 9 0
