8 7 250 16 84
27 16 31 14 13 9 13
25 19 20 14 16 4 18
31 20 25 16 22 8 19
34 39 49 28 27 22 32
14 7 10 4 9 5 7
69 77 87 54 65 25 45
19 26 30 16 27 12 20
31 29 36 29 21 16 16
27 30 33 52 14 108 35 44
0 12 6 11 14 12 15 16
12 0 9 12 5 13 9 5
6 9 0 11 10 12 14 13
11 12 11 0 12 3 14 14
14 5 10 12 0 13 12 6
12 13 12 3 13 0 14 15
15 9 14 14 12 14 0 9
16 5 13 14 6 15 9 0
0 23 19 10 15 10 14
23 0 14 23 24 23 24
19 14 0 18 21 19 21
10 23 18 0 16 8 16
15 24 21 16 0 16 9
10 23 19 8 16 0 16
14 24 21 16 9 16 0
