5 9 250 4 96
46 63 25 61 210 45 46 59 115
79 143 66 140 447 133 113 123 249
56 80 38 100 269 64 67 91 147
26 58 22 70 154 32 42 32 66
45 58 25 66 216 48 35 55 88
56 114 67 39 54
0 16 3 2 5
16 0 18 14 13
3 18 0 5 6
2 14 5 0 3
5 13 6 3 0
0 21 21 22 24 22 23 21 28
21 0 16 17 20 17 21 17 24
21 16 0 11 25 11 25 10 30
22 17 11 0 25 11 26 11 30
24 20 25 25 0 26 10 25 16
22 17 11 11 26 0 26 11 31
23 21 25 26 10 26 0 25 16
21 17 10 11 25 11 25 0 30
28 24 30 30 16 31 16 30 0
