5 5 250 18 82
52 277 65 84 116
57 251 50 89 125
173 859 132 292 370
60 324 55 113 137
76 386 85 153 188
40 42 138 50 61
0 8 12 6 12
8 0 11 5 11
12 11 0 13 2
6 5 13 0 13
12 11 2 13 0
0 27 28 12 28
27 0 12 26 11
28 12 0 27 10
12 26 27 0 27
28 11 10 27 0
