8 8 250 2 98
18 23 52 8 22 7 10 37
67 55 163 62 72 39 30 132
52 65 156 55 67 36 26 134
47 40 138 53 58 17 19 83
40 50 114 41 65 22 17 89
15 15 41 20 32 10 10 30
44 46 121 49 66 23 21 82
58 49 138 54 74 24 27 103
19 55 59 41 41 16 45 54
0 3 15 13 13 13 16 18
3 0 16 14 13 13 16 18
15 16 0 3 4 5 4 7
13 14 3 0 3 4 5 7
13 13 4 3 0 4 6 9
13 13 5 4 4 0 5 8
16 16 4 5 6 5 0 5
18 18 7 7 9 8 5 0
0 8 39 39 27 40 9 9
8 0 37 38 26 38 8 8
39 37 0 7 23 8 37 37
39 38 7 0 23 9 37 37
27 26 23 23 0 23 25 26
40 38 8 9 23 0 38 38
9 8 37 37 25 38 0 7
9 8 37 37 26 38 7 0
