10 10 250 32 68
6 19 9 1 1 3 1 7 2 19
12 34 11 9 2 13 14 12 4 43
11 36 22 9 3 10 12 16 9 47
13 39 28 4 4 14 16 19 9 50
37 70 52 22 9 33 32 41 17 114
13 23 19 8 4 13 11 13 6 39
5 10 11 1 4 8 5 8 5 25
6 18 15 7 2 9 5 3 3 27
3 13 10 6 2 7 8 6 1 21
7 18 8 2 5 7 2 10 3 24
15 37 39 40 89 36 19 21 17 20
0 16 2 18 18 13 14 2 13 14
16 0 15 15 15 14 11 15 12 12
2 15 0 18 18 13 14 3 13 14
18 15 18 0 3 9 8 17 10 8
18 15 18 3 0 8 7 17 9 7
13 14 13 9 8 0 4 12 3 4
14 11 14 8 7 4 0 13 3 2
2 15 3 17 17 12 13 0 12 13
13 12 13 10 9 3 3 12 0 3
14 12 14 8 7 4 2 13 3 0
0 14 16 19 17 20 15 16 7 20
14 0 19 23 24 27 21 19 13 27
16 19 0 25 19 25 21 18 16 25
19 23 25 0 19 19 22 14 20 20
17 24 19 19 0 13 15 16 18 13
20 27 25 19 13 0 15 20 20 8
15 21 21 22 15 15 0 21 15 15
16 19 18 14 16 20 21 0 16 21
7 13 16 20 18 20 15 16 0 21
20 27 25 20 13 8 15 21 21 0
