10 8 250 34 66
36 18 23 89 12 43 65 10
31 13 23 69 12 33 44 13
60 24 64 132 37 48 112 19
34 18 28 73 23 50 70 12
51 18 50 107 29 64 87 19
62 34 55 122 44 71 120 21
64 28 53 164 49 60 128 23
37 23 45 97 31 53 103 21
29 6 18 60 16 26 55 5
41 16 40 98 23 57 101 15
28 23 48 28 37 45 47 35 18 37
0 14 14 15 5 4 6 6 6 4
14 0 4 4 13 15 12 12 12 14
14 4 0 4 12 14 12 12 12 14
15 4 4 0 13 15 12 12 12 14
5 13 12 13 0 5 4 4 4 5
4 15 14 15 5 0 6 6 6 4
6 12 12 12 4 6 0 4 4 6
6 12 12 12 4 6 4 0 3 5
6 12 12 12 4 6 4 3 0 5
4 14 14 14 5 4 6 5 5 0
0 28 28 28 28 28 27 10
28 0 10 9 10 9 10 28
28 10 0 9 10 9 9 28
28 9 9 0 9 9 10 28
28 10 10 9 0 10 11 29
28 9 9 9 10 0 9 28
27 10 9 10 11 9 0 27
10 28 28 28 29 28 27 0
