10 5 250 2 98
43 70 17 25 24
188 231 66 94 87
126 158 40 74 63
151 188 30 82 65
148 218 41 91 66
209 262 59 96 79
160 190 53 82 63
125 194 46 84 70
97 112 28 50 39
59 70 16 24 15
13 51 35 40 45 54 41 40 24 15
0 8 8 10 10 17 14 8 5 10
8 0 5 6 10 15 11 7 9 10
8 5 0 6 10 14 10 6 9 10
10 6 6 0 11 13 9 8 11 11
10 10 10 11 0 19 15 11 11 5
17 15 14 13 19 0 9 12 17 19
14 11 10 9 15 9 0 10 15 15
8 7 6 8 11 12 10 0 9 11
5 9 9 11 11 17 15 9 0 11
10 10 10 11 5 19 15 11 11 0
0 15 16 10 10
15 0 10 15 15
16 10 0 15 15
10 15 15 0 10
10 15 15 10 0
