5 9 250 6 94
26 37 40 81 26 81 117 35 58
17 22 41 57 20 57 88 41 61
44 59 66 112 31 104 183 55 97
76 126 121 234 64 201 343 127 165
20 26 42 70 25 83 131 44 82
47 35 65 138 54
0 7 4 12 15
7 0 8 12 9
4 8 0 11 15
12 12 11 0 17
15 9 15 17 0
0 19 13 9 10 17 11 18 10
19 0 16 18 17 10 17 12 17
13 16 0 12 11 15 11 14 11
9 18 12 0 9 16 10 16 10
10 17 11 9 0 15 10 15 9
17 10 15 16 15 0 16 11 16
11 17 11 10 10 16 0 15 11
18 12 14 16 15 11 15 0 16
10 17 11 10 9 16 11 16 0
