10 9 250 5 95
20 7 5 5 9 4 15 18 11
15 3 4 3 5 10 13 7 7
98 17 25 22 20 53 72 63 70
61 10 18 14 23 37 53 37 48
8 1 0 3 5 8 6 6 4
22 3 3 4 7 7 14 17 7
21 6 7 4 4 14 25 24 17
25 5 5 12 9 17 14 22 18
51 25 14 14 24 30 46 52 39
20 6 4 1 8 13 15 15 11
19 15 91 58 10 19 23 27 62 20
0 10 10 10 10 10 9 5 10 10
10 0 5 10 5 10 11 10 10 10
10 5 0 9 5 9 10 9 9 9
10 10 9 0 10 5 9 10 5 5
10 5 5 10 0 10 10 9 10 10
10 10 9 5 10 0 9 10 5 5
9 11 10 9 10 9 0 9 9 9
5 10 9 10 9 10 9 0 10 10
10 10 9 5 10 5 9 10 0 5
10 10 9 5 10 5 9 10 5 0
0 9 14 10 35 35 8 34 35
9 0 15 11 38 39 10 38 39
14 15 0 9 33 33 11 34 35
10 11 9 0 34 34 7 34 35
35 38 33 34 0 7 34 9 11
35 39 33 34 7 0 35 10 13
8 10 11 7 34 35 0 34 35
34 38 34 34 9 10 34 0 9
35 39 35 35 11 13 35 9 0
