10 5 250 17 83
76 19 37 15 19
89 19 34 14 21
156 38 86 38 36
190 41 84 41 54
31 3 20 11 15
123 31 65 21 48
163 31 71 41 51
104 25 60 23 33
232 49 121 48 66
143 28 75 15 45
20 23 42 51 10 35 40 27 61 37
0 19 14 14 14 15 17 10 14 19
19 0 12 12 17 13 18 13 13 4
14 12 0 4 10 11 11 9 4 13
14 12 4 0 11 12 12 10 5 13
14 17 10 11 0 11 6 11 9 17
15 13 11 12 11 0 13 9 11 12
17 18 11 12 6 13 0 14 11 18
10 13 9 10 11 9 14 0 9 13
14 13 4 5 9 11 11 9 0 13
19 4 13 13 17 12 18 13 13 0
0 24 26 24 7
24 0 6 6 20
26 6 0 9 21
24 6 9 0 19
7 20 21 19 0
