5 7 250 17 83
39 83 71 43 68 24 55
109 173 198 93 146 49 158
80 193 154 85 128 47 111
65 150 147 87 135 45 140
175 344 279 184 237 107 217
32 76 61 53 126
0 15 5 5 4
15 0 14 14 15
5 14 0 5 5
5 14 5 0 4
4 15 5 4 0
0 12 15 13 20 12 19
12 0 15 8 18 7 18
15 15 0 15 25 15 25
13 8 15 0 18 8 17
20 18 25 18 0 18 7
12 7 15 8 18 0 17
19 18 25 17 7 17 0
