6 7 250 29 71
8 3 11 54 16 27 6
47 32 50 234 63 118 37
47 36 42 196 80 70 27
50 25 44 209 62 101 26
42 38 48 189 55 80 31
13 17 24 80 27 30 13
19 75 77 76 75 32
0 4 3 3 17 17
4 0 3 4 17 17
3 3 0 3 17 17
3 4 3 0 16 17
17 17 17 16 0 3
17 17 17 17 3 0
0 36 36 37 15 8 10
36 0 8 8 33 37 37
36 8 0 9 33 36 37
37 8 9 0 34 38 38
15 33 33 34 0 15 13
8 37 36 38 15 0 9
10 37 37 38 13 9 0
