10 5 250 16 84
26 32 58 28 33
55 71 113 56 66
62 67 111 54 54
26 24 40 24 16
38 48 73 38 40
34 49 62 36 44
103 136 205 103 121
92 129 148 79 95
105 125 207 99 89
49 51 81 44 43
18 35 35 14 21 20 64 57 56 26
0 15 12 11 20 15 13 13 16 13
15 0 13 12 12 5 12 18 5 18
12 13 0 4 17 13 6 11 13 10
11 12 4 0 17 13 6 11 13 10
20 12 17 17 0 13 15 20 12 20
15 5 13 13 13 0 12 19 5 18
13 12 6 6 15 12 0 11 12 11
13 18 11 11 20 19 11 0 19 5
16 5 13 13 12 5 12 19 0 18
13 18 10 10 20 18 11 5 18 0
0 35 11 36 9
35 0 34 10 36
11 34 0 35 11
36 10 35 0 38
9 36 11 38 0
