5 10 250 33 67
32 58 45 63 31 19 49 24 56 22
46 53 56 85 29 20 38 30 63 39
67 127 113 168 54 47 99 57 119 47
62 72 89 112 47 40 98 54 113 45
22 32 32 39 10 12 26 21 39 23
44 61 110 91 30
0 12 12 15 8
12 0 14 7 11
12 14 0 12 4
15 7 12 0 11
8 11 4 11 0
0 11 7 7 24 9 10 26 11 10
11 0 11 9 27 8 6 28 9 8
7 11 0 7 24 8 9 26 9 8
7 9 7 0 25 7 7 27 10 8
24 27 24 25 0 27 26 6 27 27
9 8 8 7 27 0 7 29 8 6
10 6 9 7 26 7 0 28 8 7
26 28 26 27 6 29 28 0 29 29
11 9 9 10 27 8 8 29 0 6
10 8 8 8 27 6 7 29 6 0
