4 10 250 52 48
56 39 60 93 104 60 50 276 79 66
45 41 53 80 67 57 26 198 64 55
77 85 83 156 146 90 62 355 134 108
108 100 140 223 187 147 74 513 171 152
60 55 99 120
0 14 14 20
14 0 3 10
14 3 0 12
20 10 12 0
0 7 15 7 15 9 16 16 9 16
7 0 15 8 15 9 16 16 9 16
15 15 0 16 18 15 20 19 15 19
7 8 16 0 14 9 16 16 9 16
15 15 18 14 0 14 12 12 14 11
9 9 15 9 14 0 14 14 7 14
16 16 20 16 12 14 0 8 14 7
16 16 19 16 12 14 8 0 14 8
9 9 15 9 14 7 14 14 0 14
16 16 19 16 11 14 7 8 14 0
