6 10 250 18 82
18 9 12 7 10 12 42 18 22 30
67 20 32 13 18 27 76 38 41 74
43 18 15 12 16 27 55 16 21 58
32 13 17 8 7 22 39 19 32 39
35 23 14 6 8 22 54 24 31 48
38 25 11 9 11 20 61 31 31 43
38 86 52 48 49 57
0 9 9 7 5 6
9 0 3 12 11 12
9 3 0 13 11 12
7 12 13 0 7 8
5 11 11 7 0 3
6 12 12 8 3 0
0 17 6 21 23 21 29 15 21 6
17 0 16 11 21 10 20 7 11 16
6 16 0 21 22 20 28 15 21 6
21 11 21 0 21 6 16 12 6 21
23 21 22 21 0 21 18 20 21 22
21 10 20 6 21 0 17 12 6 20
29 20 28 16 18 17 0 21 17 28
15 7 15 12 20 12 21 0 12 14
21 11 21 6 21 6 17 12 0 20
6 16 6 21 22 20 28 14 20 0
