7 7 250 57 43
77 28 43 19 35 24 127
47 24 36 15 22 27 115
156 37 96 48 58 45 301
69 26 35 12 25 18 118
100 43 68 31 43 32 177
57 26 45 20 22 19 114
105 42 57 25 39 32 148
41 34 79 37 60 33 54
0 12 18 13 13 5 9
12 0 11 5 5 13 7
18 11 0 10 10 19 14
13 5 10 0 4 14 8
13 5 10 4 0 14 9
5 13 19 14 14 0 10
9 7 14 8 9 10 0
0 28 25 8 8 11 10
28 0 10 26 25 23 24
25 10 0 22 22 21 21
8 26 22 0 6 9 8
8 25 22 6 0 8 8
11 23 21 9 8 0 8
10 24 21 8 8 8 0
