9 9 250 17 83
4 7 4 3 6 10 7 14 1
15 16 4 6 6 20 21 24 7
22 9 2 6 1 9 16 13 7
8 14 2 7 8 9 18 8 6
7 7 2 4 4 15 7 17 8
14 10 7 10 5 17 10 18 10
22 35 6 14 19 24 38 36 17
53 51 18 20 21 49 47 56 29
16 21 11 13 9 28 35 21 13
14 30 25 25 21 29 53 105 50
0 7 8 13 8 12 5 6 8
7 0 9 14 8 12 7 8 11
8 9 0 11 9 12 9 9 8
13 14 11 0 11 11 13 13 12
8 8 9 11 0 9 8 8 11
12 12 12 11 9 0 12 12 14
5 7 9 13 8 12 0 6 9
6 8 9 13 8 12 6 0 9
8 11 8 12 11 14 9 9 0
0 24 23 24 7 8 7 23 21
24 0 16 18 24 25 24 16 29
23 16 0 8 24 25 24 6 28
24 18 8 0 25 26 25 8 29
7 24 24 25 0 8 7 24 22
8 25 25 26 8 0 8 24 20
7 24 24 25 7 8 0 23 22
23 16 6 8 24 24 23 0 28
21 29 28 29 22 20 22 28 0
