4 7 250 5 95
80 112 31 96 140 99 65
101 153 45 111 138 110 81
189 274 95 233 303 219 134
165 254 66 188 259 211 110
50 59 130 100
0 15 10 2
15 0 19 15
10 19 0 14
2 15 14 0
0 39 12 10 28 37 29
39 0 37 38 29 7 29
12 37 0 6 22 35 23
10 38 6 0 23 36 25
28 29 22 23 0 28 6
37 7 35 36 28 0 28
29 29 23 25 6 28 0
