4 7 250 1 99
5 31 24 25 55 11 43
11 72 50 62 126 23 80
12 60 52 64 86 14 47
6 21 23 20 36 9 13
58 129 109 36
0 5 20 6
5 0 20 5
20 20 0 20
6 5 20 0
0 9 36 35 36 35 26
9 0 37 36 37 36 24
36 37 0 9 10 10 38
35 36 9 0 10 9 38
36 37 10 10 0 9 38
35 36 10 9 9 0 36
26 24 38 38 38 36 0
