9 9 250 15 85
48 23 18 81 42 59 31 30 7
61 31 14 59 28 69 35 19 8
159 118 65 207 104 190 110 77 21
121 75 41 158 49 125 52 56 16
51 22 11 66 27 65 25 29 9
37 40 27 59 27 64 24 29 8
113 54 35 108 48 111 45 44 18
47 30 17 51 32 51 27 23 7
76 50 27 113 37 102 56 48 10
27 27 75 51 26 23 45 21 43
0 12 12 5 5 10 4 11 11
12 0 5 13 12 12 12 12 13
12 5 0 13 12 12 12 13 13
5 13 13 0 5 11 5 12 12
5 12 12 5 0 10 5 11 11
10 12 12 11 10 0 10 5 5
4 12 12 5 5 10 0 11 11
11 12 13 12 11 5 11 0 4
11 13 13 12 11 5 11 4 0
0 14 10 20 15 27 9 26 11
14 0 13 20 9 22 14 21 13
10 13 0 19 14 26 9 24 10
20 20 19 0 20 24 19 22 18
15 9 14 20 0 21 15 20 13
27 22 26 24 21 0 27 10 25
9 14 9 19 15 27 0 26 11
26 21 24 22 20 10 26 0 23
11 13 10 18 13 25 11 23 0
