6 8 250 17 83
19 11 40 29 45 28 28 29
38 29 83 38 79 37 40 42
51 30 101 56 90 56 47 68
24 19 43 29 64 27 42 49
24 15 47 32 67 30 29 41
18 19 52 21 61 21 32 50
43 68 91 54 46 51
0 3 8 13 13 12
3 0 7 12 13 12
8 7 0 13 14 10
13 12 13 0 2 19
13 13 14 2 0 19
12 12 10 19 19 0
0 16 15 10 11 18 19 16
16 0 19 13 16 7 13 15
15 19 0 11 10 19 15 19
10 13 11 0 9 13 12 15
11 16 10 9 0 17 16 12
18 7 19 13 17 0 10 18
19 13 15 12 16 10 0 19
16 15 19 15 12 18 19 0
