6 5 250 16 84
90 83 52 124 194
126 101 79 145 236
150 113 111 148 283
148 99 106 184 264
199 157 145 287 418
143 93 82 198 260
36 53 60 55 92 50
0 18 17 3 19 3
18 0 3 16 3 16
17 3 0 16 3 16
3 16 16 0 17 3
19 3 3 17 0 18
3 16 16 3 18 0
0 25 15 26 16
25 0 25 9 24
15 25 0 26 10
26 9 26 0 25
16 24 10 25 0
