7 8 250 8 92
32 93 70 16 66 46 26 24
45 122 112 24 76 63 36 44
70 176 148 28 109 83 42 46
46 122 106 26 68 75 38 33
40 91 63 21 60 41 22 29
33 138 120 44 61 74 34 31
32 85 69 14 48 44 27 16
40 49 67 49 40 55 36
0 8 5 3 10 5 12
8 0 7 8 10 9 11
5 7 0 5 8 4 10
3 8 5 0 11 5 13
10 10 8 11 0 10 5
5 9 4 5 10 0 12
12 11 10 13 5 12 0
0 18 16 9 8 18 16 16
18 0 17 20 19 16 20 17
16 17 0 17 17 11 15 8
9 20 17 0 9 19 16 17
8 19 17 9 0 19 17 16
18 16 11 19 19 0 18 11
16 20 15 16 17 18 0 15
16 17 8 17 16 11 15 0
