6 10 250 9 91
7 7 8 28 20 13 13 15 18 5
17 31 12 69 58 52 41 60 81 11
20 22 23 50 40 26 21 64 49 6
38 47 48 135 87 66 61 120 140 26
26 42 36 107 79 44 65 75 86 25
13 16 17 43 33 15 27 37 46 11
20 59 41 107 77 33
0 11 4 4 4 11
11 0 11 11 10 4
4 11 0 4 4 11
4 11 4 0 4 11
4 10 4 4 0 11
11 4 11 11 11 0
0 19 15 15 14 13 8 14 13 8
19 0 24 17 16 17 20 16 16 18
15 24 0 15 15 15 14 15 18 14
15 17 15 0 7 8 15 8 12 13
14 16 15 7 0 7 15 7 11 13
13 17 15 8 7 0 14 8 10 12
8 20 14 15 15 14 0 14 14 8
14 16 15 8 7 8 14 0 11 12
13 16 18 12 11 10 14 11 0 13
8 18 14 13 13 12 8 12 13 0
