4 10 250 34 66
41 45 36 22 14 28 40 30 28 36
118 108 75 58 45 80 174 111 150 93
99 71 65 43 34 63 138 94 97 82
57 43 37 14 24 36 83 58 67 51
44 126 94 61
0 5 15 5
5 0 15 5
15 15 0 15
5 5 15 0
0 17 24 18 18 22 23 8 16 18
17 0 20 12 12 16 13 17 14 12
24 20 0 21 21 28 19 24 17 20
18 12 21 0 8 17 16 18 18 8
18 12 21 8 0 18 16 17 18 8
22 16 28 17 18 0 18 22 22 18
23 13 19 16 16 18 0 23 18 16
8 17 24 18 17 22 23 0 16 17
16 14 17 18 18 22 18 16 0 17
18 12 20 8 8 18 16 17 17 0
