6 8 250 2 98
37 107 43 41 20 184 62 26
98 245 86 64 59 363 113 43
83 203 75 63 70 311 104 41
59 126 52 41 28 179 68 23
48 129 44 34 31 202 77 33
21 84 38 24 22 134 43 17
39 79 82 48 53 33
0 10 10 14 5 13
10 0 5 11 9 11
10 5 0 11 10 10
14 11 11 0 14 5
5 9 10 14 0 13
13 11 10 5 13 0
0 25 23 25 26 23 23 25
25 0 29 8 9 10 28 9
23 29 0 29 29 27 9 29
25 8 29 0 9 10 28 9
26 9 29 9 0 10 29 9
23 10 27 10 10 0 27 10
23 28 9 28 29 27 0 29
25 9 29 9 9 10 29 0
