4 8 250 12 88
56 85 79 62 26 18 100 23
154 175 195 147 57 57 190 56
130 153 210 164 65 73 216 71
105 116 151 114 48 39 143 44
43 97 119 83
0 12 11 11
12 0 12 12
11 12 0 5
11 12 5 0
0 16 23 23 25 24 24 26
16 0 19 19 21 21 21 22
23 19 0 9 13 12 13 13
23 19 9 0 14 13 13 14
25 21 13 14 0 9 10 9
24 21 12 13 9 0 9 9
24 21 13 13 10 9 0 10
26 22 13 14 9 9 10 0
