4 7 250 21 79
36 47 144 30 144 92 175
69 120 247 28 256 176 317
74 108 251 28 247 167 280
19 18 69 8 52 44 74
73 116 111 26
0 5 4 13
5 0 4 14
4 4 0 13
13 14 13 0
0 35 34 24 6 22 19
35 0 17 27 34 28 29
34 17 0 23 32 23 25
24 27 23 0 22 6 9
6 34 32 22 0 20 16
22 28 23 6 20 0 8
19 29 25 9 16 8 0
