7 6 250 3 97
81 23 43 81 34 55
71 15 49 95 37 60
109 40 86 144 57 78
75 27 40 78 24 46
151 58 106 197 67 136
223 63 151 323 119 192
28 6 25 34 24 27
31 31 54 27 70 112 15
0 19 18 4 15 15 4
19 0 5 19 13 12 20
18 5 0 18 11 10 18
4 19 18 0 15 14 4
15 13 11 15 0 4 15
15 12 10 14 4 0 15
4 20 18 4 15 15 0
0 16 16 15 9 23
16 0 9 21 16 17
16 9 0 21 16 17
15 21 21 0 15 29
9 16 16 15 0 23
23 17 17 29 23 0
