10 9 250 17 83
7 6 26 15 14 7 27 5 4
43 66 179 81 80 44 190 13 46
23 31 122 46 47 35 106 17 23
12 34 83 29 22 28 58 17 11
12 27 75 39 23 19 53 15 11
25 46 104 51 35 36 80 15 19
26 26 119 50 41 29 111 14 12
11 21 69 30 24 25 56 13 12
51 94 311 131 127 86 262 48 49
19 26 92 46 21 27 79 16 28
10 62 36 22 23 33 35 21 97 25
0 12 12 16 7 12 9 7 9 9
12 0 12 14 14 5 12 13 12 12
12 12 0 9 14 12 11 14 11 11
16 14 9 0 18 14 16 18 16 16
7 14 14 18 0 14 8 5 8 8
12 5 12 14 14 0 12 14 12 12
9 12 11 16 8 12 0 8 5 5
7 13 14 18 5 14 8 0 8 9
9 12 11 16 8 12 5 8 0 5
9 12 11 16 8 12 5 9 5 0
0 14 12 13 32 30 32 15 31
14 0 7 8 30 28 30 21 30
12 7 0 6 31 29 31 19 30
13 8 6 0 31 29 31 19 30
32 30 31 31 0 7 7 27 6
30 28 29 29 7 0 8 26 7
32 30 31 31 7 8 0 26 6
15 21 19 19 27 26 26 0 26
31 30 30 30 6 7 6 26 0
