9 8 250 13 87
26 44 67 24 41 54 33 23
71 95 106 69 89 102 83 53
67 113 129 58 84 135 67 53
99 107 156 66 95 136 79 70
75 117 133 71 89 115 80 62
38 52 70 35 40 73 32 36
57 63 84 34 60 95 39 41
62 74 104 38 65 84 52 31
34 48 55 32 43 64 41 23
23 47 45 58 47 26 34 35 24
0 5 11 12 5 11 11 11 5
5 0 11 12 5 11 11 11 5
11 11 0 7 10 7 6 7 11
12 12 7 0 11 5 5 5 12
5 5 10 11 0 11 11 11 5
11 11 7 5 11 0 5 5 11
11 11 6 5 11 5 0 5 11
11 11 7 5 11 5 5 0 11
5 5 11 12 5 11 11 11 0
0 22 34 22 27 22 26 22
22 0 33 7 22 8 22 8
34 33 0 31 34 29 33 30
22 7 31 0 21 7 21 6
27 22 34 21 0 22 6 21
22 8 29 7 22 0 22 6
26 22 33 21 6 22 0 21
22 8 30 6 21 6 21 0
