5 10 250 17 83
19 13 21 16 24 21 33 15 18 30
37 22 30 38 36 33 54 21 40 52
31 20 32 49 53 34 46 16 23 53
43 22 39 49 41 37 58 19 40 54
25 34 29 38 36 37 58 16 31 55
40 70 68 74 71
0 10 5 8 8
10 0 9 7 13
5 9 0 8 8
8 7 8 0 12
8 13 8 12 0
0 20 39 17 21 28 21 8 21 40
20 0 34 10 21 23 20 20 20 36
39 34 0 37 30 30 31 37 31 12
17 10 37 0 21 25 20 18 21 39
21 21 30 21 0 32 9 20 7 34
28 23 30 25 32 0 32 28 31 29
21 20 31 20 9 32 0 20 8 35
8 20 37 18 20 28 20 0 20 39
21 20 31 21 7 31 8 20 0 34
40 36 12 39 34 29 35 39 34 0
