4 6 250 23 77
94 132 112 133 182 83
88 127 104 105 142 90
161 208 154 189 236 127
138 218 149 225 269 113
65 66 105 97
0 9 9 9
9 0 12 12
9 12 0 5
9 12 5 0
0 17 26 16 22 22
17 0 36 22 33 24
26 36 0 20 10 26
16 22 20 0 20 18
22 33 10 20 0 24
22 24 26 18 24 0
