7 9 250 70 30
41 60 41 22 14 12 62 39 24
85 156 100 45 49 34 180 93 59
44 85 42 32 23 25 92 44 28
34 56 49 22 20 23 86 35 16
17 28 26 10 8 10 32 28 8
44 81 61 36 22 21 91 65 36
97 124 84 48 39 46 146 110 39
32 89 44 35 18 51 70
0 6 6 12 4 4 4
6 0 3 13 6 7 4
6 3 0 13 6 7 5
12 13 13 0 12 12 12
4 6 6 12 0 3 5
4 7 7 12 3 0 6
4 4 5 12 5 6 0
0 17 17 17 16 15 8 7 8
17 0 25 7 25 24 15 17 16
17 25 0 25 18 19 18 17 17
17 7 25 0 24 24 15 17 16
16 25 18 24 0 7 16 16 15
15 24 19 24 7 0 16 15 15
8 15 18 15 16 16 0 8 7
7 17 17 17 16 15 8 0 7
8 16 17 16 15 15 7 7 0
