7 9 250 16 84
9 4 16 26 6 18 6 12 9
6 8 17 18 4 15 4 12 0
11 12 36 41 7 22 6 12 8
9 10 24 35 10 30 8 12 4
11 17 50 80 15 54 12 27 19
3 13 23 37 6 26 7 19 7
6 7 19 26 5 22 2 14 6
32 29 56 49 102 43 39
0 10 12 4 11 8 11
10 0 11 9 10 6 10
12 11 0 10 3 9 2
4 9 10 0 9 7 10
11 10 3 9 0 8 3
8 6 9 7 8 0 8
11 10 2 10 3 8 0
0 27 27 8 7 18 9 18 28
27 0 7 26 27 38 26 38 10
27 7 0 26 27 38 26 38 10
8 26 26 0 8 19 8 19 27
7 27 27 8 0 18 9 18 28
18 38 38 19 18 0 20 8 38
9 26 26 8 9 20 0 19 27
18 38 38 19 18 8 19 0 38
28 10 10 27 28 38 27 38 0
