8 5 250 9 91
27 51 15 31 20
63 119 43 68 25
81 143 72 71 33
55 100 34 59 29
112 212 101 118 55
74 126 46 67 34
52 103 25 40 26
36 69 19 38 17
21 39 48 41 72 43 34 27
0 11 11 13 7 13 11 11
11 0 5 10 9 10 4 4
11 5 0 11 9 11 5 5
13 10 11 0 14 4 10 10
7 9 9 14 0 14 9 9
13 10 11 4 14 0 10 11
11 4 5 10 9 10 0 4
11 4 5 10 9 11 4 0
0 35 36 8 7
35 0 7 37 36
36 7 0 38 37
8 37 38 0 9
7 36 37 9 0
