9 10 250 12 88
39 5 18 30 37 15 30 23 61 39
38 7 18 33 39 18 30 17 54 32
63 14 29 50 67 25 46 42 105 64
72 22 35 61 73 24 60 50 120 78
37 13 13 34 37 20 27 25 49 35
23 5 21 38 31 12 29 22 64 41
60 21 31 51 74 27 50 41 103 72
21 3 9 16 28 10 23 8 30 27
120 28 44 102 120 34 100 67 183 132
25 27 45 48 27 23 45 17 77
0 15 5 16 17 4 17 18 4
15 0 15 19 13 15 19 18 16
5 15 0 19 19 4 20 20 4
16 19 19 0 13 17 6 6 18
17 13 19 13 0 17 11 11 18
4 15 4 17 17 0 18 19 4
17 19 20 6 11 18 0 4 19
18 18 20 6 11 19 4 0 20
4 16 4 18 18 4 19 20 0
0 18 23 23 26 23 28 20 21 19
18 0 27 27 28 27 28 25 26 9
23 27 0 8 19 10 16 21 22 28
23 27 8 0 19 10 16 21 22 28
26 28 19 19 0 17 18 17 17 29
23 27 10 10 17 0 14 20 21 28
28 28 16 16 18 14 0 25 25 30
20 25 21 21 17 20 25 0 8 27
21 26 22 22 17 21 25 8 0 27
19 9 28 28 29 28 30 27 27 0
