6 9 250 12 88
12 49 25 14 39 44 9 52 8
40 125 72 62 125 148 14 145 25
29 90 49 43 82 131 12 100 14
19 75 41 29 62 92 11 74 14
13 29 26 16 37 45 7 51 8
21 41 26 19 36 24 4 29 9
38 107 83 54 32 30
0 8 9 2 9 4
8 0 4 6 11 8
9 4 0 8 11 9
2 6 8 0 8 4
9 11 11 8 0 7
4 8 9 4 7 0
0 28 8 30 31 29 9 9 8
28 0 27 8 9 7 28 28 28
8 27 0 29 29 28 8 8 7
30 8 29 0 7 8 30 29 29
31 9 29 7 0 9 31 30 30
29 7 28 8 9 0 29 28 28
9 28 8 30 31 29 0 8 8
9 28 8 29 30 28 8 0 8
8 28 7 29 30 28 8 8 0
