8 6 250 8 92
13 16 14 8 13 22
20 27 30 7 23 37
45 51 62 15 38 66
25 28 34 13 23 39
23 35 32 13 31 37
14 19 18 7 18 23
34 48 49 13 37 52
24 30 34 12 19 41
23 39 67 43 44 25 59 45
0 7 6 13 6 12 9 13
7 0 11 16 8 16 7 19
6 11 0 12 12 13 11 7
13 16 12 0 17 4 9 12
6 8 12 17 0 14 13 19
12 16 13 4 14 0 11 14
9 7 11 9 13 11 0 16
13 19 7 12 19 14 16 0
0 18 13 13 14 13
18 0 17 18 12 13
13 17 0 18 13 14
13 18 18 0 12 11
14 12 13 12 0 6
13 13 14 11 6 0
