6 8 250 76 24
4 13 6 12 7 14 30 13
9 19 16 16 14 41 34 17
11 42 29 44 22 59 90 33
2 16 10 13 6 18 25 13
21 42 29 40 16 50 68 24
4 28 10 18 9 26 34 19
28 46 95 31 79 41
0 16 16 5 11 5
16 0 5 16 16 16
16 5 0 16 15 16
5 16 16 0 11 5
11 16 15 11 0 11
5 16 16 5 11 0
0 11 16 21 16 16 15 20
11 0 14 19 16 14 16 18
16 14 0 15 18 10 18 15
21 19 15 0 24 15 24 10
16 16 18 24 0 19 10 24
16 14 10 15 19 0 19 15
15 16 18 24 10 19 0 23
20 18 15 10 24 15 23 0
