7 9 250 38 62
37 32 17 51 33 51 33 27 100
72 40 37 109 49 95 31 62 164
69 61 49 112 50 101 52 62 213
85 71 50 134 62 127 58 87 208
72 48 52 69 52 103 52 66 172
32 21 14 43 22 42 24 28 77
12 10 12 20 15 18 13 14 43
35 58 62 79 60 28 14
0 15 16 14 2 14 14
15 0 8 8 15 8 2
16 8 0 2 15 3 9
14 8 2 0 14 2 9
2 15 15 14 0 14 15
14 8 3 2 14 0 9
14 2 9 9 15 9 0
0 26 25 17 25 10 17 31 14
26 0 10 24 10 26 25 16 26
25 10 0 24 9 25 24 16 25
17 24 24 0 24 17 10 30 18
25 10 9 24 0 25 25 16 25
10 26 25 17 25 0 16 31 13
17 25 24 10 25 16 0 31 17
31 16 16 30 16 31 31 0 30
14 26 25 18 25 13 17 30 0
