4 8 250 37 63
99 47 92 31 36 23 26 137
167 102 201 72 90 69 65 303
249 102 225 98 103 82 77 414
161 84 172 66 71 52 47 260
48 90 110 90
0 13 12 10
13 0 20 19
12 20 0 3
10 19 3 0
0 27 14 9 19 27 28 27
27 0 31 27 32 12 11 12
14 31 0 14 16 32 33 32
9 27 14 0 19 27 28 27
19 32 16 19 0 33 34 33
27 12 32 27 33 0 11 10
28 11 33 28 34 11 0 11
27 12 32 27 33 10 11 0
