7 9 250 88 12
19 29 19 4 58 31 26 32 46
53 95 77 23 179 107 78 103 136
35 59 61 13 102 58 41 69 76
24 34 21 10 75 38 22 49 39
29 52 38 20 81 68 40 52 68
18 44 23 10 65 40 29 35 46
9 19 17 4 40 32 21 37 29
30 101 55 38 57 40 27
0 6 9 3 8 5 8
6 0 10 3 10 8 10
9 10 0 9 11 4 4
3 3 9 0 7 6 8
8 10 11 7 0 7 7
5 8 4 6 7 0 3
8 10 4 8 7 3 0
0 18 16 7 8 19 7 7 18
18 0 7 16 16 7 16 18 9
16 7 0 15 15 8 15 16 8
7 16 15 0 7 17 6 8 16
8 16 15 7 0 17 8 9 16
19 7 8 17 17 0 17 18 9
7 16 15 6 8 17 0 8 16
7 18 16 8 9 18 8 0 18
18 9 8 16 16 9 16 18 0
