10 8 250 20 80
72 34 110 31 38 76 36 36
28 13 37 12 12 22 12 4
98 52 168 57 57 109 63 55
49 17 61 12 14 31 20 27
142 69 267 76 99 162 93 63
98 50 142 48 42 89 54 37
88 46 149 27 53 94 53 34
52 38 105 24 39 66 38 26
58 28 118 24 43 49 33 30
66 53 138 44 43 78 50 47
33 10 51 18 71 39 41 29 28 34
0 11 8 9 15 9 9 11 8 7
11 0 10 9 12 13 10 5 12 11
8 10 0 7 13 7 6 10 7 9
9 9 7 0 12 9 6 9 8 10
15 12 13 12 0 15 13 12 15 16
9 13 7 9 15 0 8 13 6 10
9 10 6 6 13 8 0 10 8 10
11 5 10 9 12 13 10 0 12 11
8 12 7 8 15 6 8 12 0 10
7 11 9 10 16 10 10 11 10 0
0 18 19 18 18 21 19 17
18 0 19 18 17 19 19 15
19 19 0 13 12 12 10 14
18 18 13 0 15 16 15 12
18 17 12 15 0 12 12 14
21 19 12 16 12 0 12 15
19 19 10 15 12 12 0 15
17 15 14 12 14 15 15 0
