6 6 250 22 78
43 30 73 35 74 51
107 55 115 70 146 82
127 72 154 65 222 116
69 52 113 35 110 47
49 41 69 29 89 74
39 24 40 12 54 22
39 69 99 50 46 28
0 18 13 5 17 13
18 0 13 18 5 12
13 13 0 13 12 5
5 18 13 0 17 13
17 5 12 17 0 12
13 12 5 13 12 0
0 24 24 25 8 8
24 0 10 10 24 24
24 10 0 9 24 24
25 10 9 0 25 25
8 24 24 25 0 8
8 24 24 25 8 0
