10 8 250 30 70
19 15 14 25 31 42 21 53
58 30 43 68 73 88 54 121
47 26 30 63 55 68 33 110
26 20 25 39 49 49 28 50
14 14 13 33 19 21 14 32
47 39 45 66 66 80 45 129
26 14 28 44 42 67 32 86
40 25 32 61 33 70 37 98
57 53 46 72 80 106 66 161
54 49 39 92 81 100 57 145
20 45 38 21 13 46 26 30 56 50
0 5 5 9 8 10 5 7 6 9
5 0 5 9 8 10 6 8 5 9
5 5 0 9 8 10 6 8 5 9
9 9 9 0 6 11 8 7 10 8
8 8 8 6 0 10 7 6 9 8
10 10 10 11 10 0 10 10 10 8
5 6 6 8 7 10 0 7 6 8
7 8 8 7 6 10 7 0 8 8
6 5 5 10 9 10 6 8 0 9
9 9 9 8 8 8 8 8 9 0
0 22 20 22 28 7 26 34
22 0 7 7 23 23 23 24
20 7 0 7 23 21 23 25
22 7 7 0 22 22 22 23
28 23 23 22 0 29 8 15
7 23 21 22 29 0 28 36
26 23 23 22 8 28 0 17
34 24 25 23 15 36 17 0
