4 10 250 10 90
44 39 29 39 75 49 34 65 27 80
66 63 53 59 143 50 74 96 36 112
94 126 68 100 249 69 131 144 77 168
105 121 79 86 236 72 99 134 81 182
44 65 106 104
0 3 13 4
3 0 14 4
13 14 0 13
4 4 13 0
0 28 17 7 16 30 7 29 17 27
28 0 24 28 23 8 28 9 23 34
17 24 0 17 8 26 18 25 8 20
7 28 17 0 16 30 8 29 16 26
16 23 8 16 0 25 17 25 8 20
30 8 26 30 25 0 30 8 25 37
7 28 18 8 17 30 0 29 17 27
29 9 25 29 25 8 29 0 24 36
17 23 8 16 8 25 17 24 0 20
27 34 20 26 20 37 27 36 20 0
