6 7 250 17 83
38 32 31 48 41 26 52
57 71 71 104 48 49 103
42 57 62 105 50 40 82
46 84 74 127 71 57 123
58 35 40 70 34 35 76
36 48 44 73 42 40 79
38 70 59 82 47 52
0 14 10 13 10 10
14 0 9 5 9 10
10 9 0 9 6 6
13 5 9 0 9 9
10 9 6 9 0 5
10 10 6 9 5 0
0 14 10 34 32 35 34
14 0 15 34 32 35 34
10 15 0 35 32 36 35
34 34 35 0 12 10 11
32 32 32 12 0 12 12
35 35 36 10 12 0 10
34 34 35 11 12 10 0
