7 6 250 2 98
32 28 15 14 14 44
21 30 27 11 15 63
31 39 31 9 18 55
29 33 24 5 10 47
14 17 11 5 6 26
19 30 15 11 11 47
31 45 32 12 18 77
44 56 53 52 25 44 66
0 9 9 10 5 5 12
9 0 5 7 9 9 12
9 5 0 8 9 9 12
10 7 8 0 11 11 10
5 9 9 11 0 5 13
5 9 9 11 5 0 12
12 12 12 10 13 12 0
0 19 21 11 18 15
19 0 18 17 20 9
21 18 0 25 10 14
11 17 25 0 23 17
18 20 10 23 0 15
15 9 14 17 15 0
