8 6 250 8 92
28 9 41 35 66 75
28 7 37 16 51 44
169 46 253 126 286 330
21 2 28 15 41 44
34 18 74 31 75 97
45 12 55 22 58 73
11 3 26 15 38 30
44 17 65 20 78 85
33 24 133 17 41 33 15 35
0 12 2 3 12 13 3 3
12 0 12 12 2 3 12 12
2 12 0 3 12 13 2 2
3 12 3 0 12 13 2 2
12 2 12 12 0 3 12 12
13 3 13 13 3 0 13 13
3 12 2 2 12 13 0 2
3 12 2 2 12 13 2 0
0 23 18 18 24 9
23 0 19 19 9 23
18 19 0 8 19 18
18 19 8 0 19 17
24 9 19 19 0 25
9 23 18 17 25 0
