7 9 250 12 88
20 55 44 95 38 59 116 42 45
13 36 36 49 24 45 59 39 44
40 109 75 187 76 133 195 96 94
42 108 80 142 58 98 186 80 78
13 38 32 71 17 58 80 26 32
20 49 37 85 22 48 82 38 40
26 55 44 108 28 56 120 48 41
47 28 79 68 34 34 44
0 19 17 4 17 6 6
19 0 5 19 6 18 17
17 5 0 18 5 17 16
4 19 18 0 17 6 6
17 6 5 17 0 16 15
6 18 17 6 16 0 6
6 17 16 6 15 6 0
0 12 31 27 26 21 33 9 17
12 0 28 21 19 19 29 15 18
31 28 0 34 32 34 34 30 40
27 21 34 0 8 24 28 30 26
26 19 32 8 0 24 26 28 25
21 19 34 24 24 0 40 22 26
33 29 34 28 26 40 0 35 31
9 15 30 30 28 22 35 0 20
17 18 40 26 25 26 31 20 0
