8 9 250 30 70
10 17 16 11 47 30 26 30 85
15 25 9 7 41 28 24 30 96
23 52 38 19 97 80 66 65 201
14 24 18 5 48 47 27 33 98
25 41 27 18 81 61 38 49 140
9 19 14 8 30 33 26 33 96
44 106 65 25 153 130 91 109 340
13 34 18 17 60 36 25 31 83
26 24 54 28 44 25 97 33
0 6 11 9 10 9 8 10
6 0 7 6 8 5 3 9
11 7 0 10 13 9 8 12
9 6 10 0 4 2 7 6
10 8 13 4 0 5 8 8
9 5 9 2 5 0 6 6
8 3 8 7 8 6 0 11
10 9 12 6 8 6 11 0
0 21 23 22 11 12 24 23 21
21 0 21 20 20 19 21 20 10
23 21 0 11 24 23 11 11 22
22 20 11 0 24 23 11 10 21
11 20 24 24 0 10 25 24 21
12 19 23 23 10 0 24 24 20
24 21 11 11 25 24 0 10 22
23 20 11 10 24 24 10 0 21
21 10 22 21 21 20 22 21 0
