10 6 250 3 97
16 26 29 21 9 74
13 4 14 4 7 24
38 42 50 43 26 118
12 9 7 9 4 9
45 34 37 44 14 91
20 16 12 16 6 29
16 14 29 28 16 48
21 16 29 19 6 56
11 7 13 6 5 19
18 17 18 21 12 40
40 16 78 11 62 23 39 37 15 30
0 4 10 5 5 10 4 4 10 5
4 0 10 5 5 10 5 5 10 5
10 10 0 10 10 4 10 10 4 11
5 5 10 0 4 10 4 4 10 5
5 5 10 4 0 10 4 4 10 5
10 10 4 10 10 0 10 10 4 11
4 5 10 4 4 10 0 4 10 5
4 5 10 4 4 10 4 0 10 5
10 10 4 10 10 4 10 10 0 11
5 5 11 5 5 11 5 5 11 0
0 18 27 15 16 15
18 0 24 15 10 13
27 24 0 33 16 23
15 15 33 0 20 12
16 10 16 20 0 14
15 13 23 12 14 0
