9 7 250 8 92
41 34 10 54 19 40 22
64 69 22 104 41 83 50
95 105 38 121 47 132 52
64 41 22 71 28 72 29
15 14 5 26 9 20 12
71 84 23 106 40 99 61
47 45 11 51 19 54 27
67 66 23 64 25 81 30
167 135 62 197 89 221 73
20 42 55 33 10 48 23 34 94
0 10 10 10 11 9 11 11 9
10 0 6 4 6 5 6 6 5
10 6 0 6 7 7 7 8 7
10 4 6 0 6 5 7 7 4
11 6 7 6 0 6 4 5 7
9 5 7 5 6 0 6 6 6
11 6 7 7 4 6 0 6 7
11 6 8 7 5 6 6 0 7
9 5 7 4 7 6 7 7 0
0 17 16 28 27 27 8
17 0 8 27 26 26 16
16 8 0 27 26 26 16
28 27 27 0 9 8 29
27 26 26 9 0 7 28
27 26 26 8 7 0 28
8 16 16 29 28 28 0
