4 10 250 63 37
42 19 30 41 3 12 19 30 11 8
123 66 99 122 28 86 55 92 20 29
173 75 114 145 36 76 49 82 42 34
366 155 247 296 71 193 141 212 66 98
22 70 77 175
0 4 4 16
4 0 4 15
4 4 0 17
16 15 17 0
0 17 12 14 12 12 12 13 17 12
17 0 20 19 16 20 15 17 7 20
12 20 0 18 13 7 13 13 19 7
14 19 18 0 15 19 14 14 19 18
12 16 13 15 0 13 7 8 15 13
12 20 7 19 13 0 13 13 19 7
12 15 13 14 7 13 0 8 15 13
13 17 13 14 8 13 8 0 17 12
17 7 19 19 15 19 15 17 0 19
12 20 7 18 13 7 13 12 19 0
