8 7 250 8 92
11 50 102 85 47 43 56
20 43 90 70 56 32 56
32 81 158 137 104 71 94
12 33 63 55 36 27 44
36 75 182 136 87 76 106
14 42 111 68 62 50 49
18 51 99 85 48 40 52
39 93 199 180 122 76 116
36 30 60 24 65 31 30 75
0 2 10 2 6 8 5 3
2 0 10 2 6 8 6 3
10 10 0 11 9 8 12 11
2 2 11 0 7 8 6 3
6 6 9 7 0 8 5 6
8 8 8 8 8 0 8 9
5 6 12 6 5 8 0 5
3 3 11 3 6 9 5 0
0 15 16 15 13 11 12
15 0 7 6 18 19 19
16 7 0 7 19 19 20
15 6 7 0 19 19 20
13 18 19 19 0 7 7
11 19 19 19 7 0 7
12 19 20 20 7 7 0
