5 10 250 6 94
55 41 87 28 41 24 68 64 30 38
76 63 174 50 63 37 109 149 50 64
110 75 191 56 104 57 123 145 57 82
72 45 124 32 52 35 79 82 42 52
230 136 356 101 150 110 235 302 138 164
35 55 65 47 130
0 8 8 9 7
8 0 3 2 13
8 3 0 3 14
9 2 3 0 14
7 13 14 14 0
0 16 8 8 12 21 20 16 13 16
16 0 17 16 13 20 14 17 10 8
8 17 0 8 13 21 21 17 14 17
8 16 8 0 12 21 21 16 13 17
12 13 13 12 0 18 16 14 11 13
21 20 21 21 18 0 15 12 20 19
20 14 21 21 16 15 0 16 17 14
16 17 17 16 14 12 16 0 17 17
13 10 14 13 11 20 17 17 0 11
16 8 17 17 13 19 14 17 11 0
