4 10 250 9 91
415 97 35 46 60 22 67 32 60 198
510 113 52 72 49 18 99 57 76 207
578 167 71 72 78 27 124 59 96 296
385 76 49 42 45 22 79 30 58 162
76 92 122 69
0 6 10 6
6 0 11 5
10 11 0 12
6 5 12 0
0 11 11 13 9 8 10 14 8 12
11 0 6 13 14 16 16 11 13 16
11 6 0 12 13 15 15 12 12 14
13 13 12 0 12 16 13 9 16 14
9 14 13 12 0 10 10 15 10 9
8 16 15 16 10 0 10 17 9 14
10 16 15 13 10 10 0 15 13 15
14 11 12 9 15 17 15 0 17 17
8 13 12 16 10 9 13 17 0 12
12 16 14 14 9 14 15 17 12 0
