7 7 250 10 90
26 18 34 20 15 38 36
9 8 18 16 12 26 16
29 44 65 61 28 87 45
27 25 38 34 9 50 32
29 28 33 33 15 60 38
27 17 41 26 10 45 30
39 25 55 32 22 74 43
37 23 82 47 54 47 59
0 14 9 14 10 3 13
14 0 12 13 13 14 12
9 12 0 13 3 10 12
14 13 13 0 13 15 3
10 13 3 13 0 10 13
3 14 10 15 10 0 14
13 12 12 3 13 14 0
0 17 17 18 18 19 13
17 0 9 15 10 16 19
17 9 0 16 9 17 20
18 15 16 0 16 9 17
18 10 9 16 0 17 20
19 16 17 9 17 0 17
13 19 20 17 20 17 0
