8 7 250 21 79
32 22 52 10 8 30 35
73 41 108 28 19 72 65
66 25 95 21 13 51 65
46 41 107 14 18 69 60
28 13 46 10 7 38 43
49 37 86 18 17 62 74
25 20 66 10 9 32 28
19 10 41 10 3 22 15
28 64 52 59 31 50 33 21
0 15 10 10 11 15 10 11
15 0 15 15 14 4 10 15
10 15 0 11 11 15 10 11
10 15 11 0 5 15 9 5
11 14 11 5 0 14 9 4
15 4 15 15 14 0 10 15
10 10 10 9 9 10 0 9
11 15 11 5 4 15 9 0
0 39 12 9 12 37 9
39 0 37 37 35 10 38
12 37 0 11 8 34 10
9 37 11 0 10 35 7
12 35 8 10 0 33 10
37 10 34 35 33 0 36
9 38 10 7 10 36 0
