5 7 250 9 91
58 38 71 59 102 31 54
52 54 53 71 108 28 51
111 106 143 139 207 51 99
169 135 169 192 287 75 152
54 53 61 59 99 27 51
45 46 88 118 42
0 4 4 11 16
4 0 4 11 17
4 4 0 11 16
11 11 11 0 14
16 17 16 14 0
0 16 14 16 8 15 15
16 0 8 7 15 7 7
14 8 0 8 14 7 8
16 7 8 0 15 7 8
8 15 14 15 0 14 14
15 7 7 7 14 0 7
15 7 8 8 14 7 0
