9 9 250 12 88
9 6 7 26 39 19 19 32 17
15 4 5 25 19 16 15 19 9
16 12 4 42 43 16 19 33 16
40 21 16 78 112 44 59 91 33
7 1 3 15 24 12 7 23 5
17 7 4 16 33 19 18 18 14
12 5 6 28 44 26 22 30 12
24 8 8 39 41 16 17 33 22
13 10 8 43 68 21 33 36 18
33 22 35 82 20 26 36 36 42
0 11 6 10 6 11 10 11 5
11 0 12 11 12 6 11 6 11
6 12 0 10 6 12 10 11 6
10 11 10 0 10 12 6 11 10
6 12 6 10 0 12 10 11 6
11 6 12 12 12 0 12 6 12
10 11 10 6 10 12 0 11 10
11 6 11 11 11 6 11 0 11
5 11 6 10 6 12 10 11 0
0 15 14 19 13 13 18 18 14
15 0 8 17 11 12 17 17 8
14 8 0 16 12 13 16 16 8
19 17 16 0 20 21 8 9 16
13 11 12 20 0 8 20 20 11
13 12 13 21 8 0 21 20 12
18 17 16 8 20 21 0 8 16
18 17 16 9 20 20 8 0 16
14 8 8 16 11 12 16 16 0
