8 8 250 10 90
36 24 26 7 49 52 23 23
77 48 44 30 77 86 41 63
104 92 68 44 166 159 75 98
45 32 27 7 55 48 25 29
22 21 16 8 28 23 19 17
27 35 23 10 35 37 22 21
19 24 14 12 33 45 14 18
32 32 25 11 46 54 26 23
35 57 115 39 22 30 26 36
0 8 7 7 11 6 6 8
8 0 7 5 10 6 6 4
7 7 0 7 12 8 8 8
7 5 7 0 9 6 6 5
11 10 12 9 0 9 9 9
6 6 8 6 9 0 4 6
6 6 8 6 9 4 0 6
8 4 8 5 9 6 6 0
0 20 20 19 11 20 7 8
20 0 6 6 16 7 19 17
20 6 0 6 16 6 19 17
19 6 6 0 16 6 19 17
11 16 16 16 0 17 12 11
20 7 6 6 17 0 19 17
7 19 19 19 12 19 0 7
8 17 17 17 11 17 7 0
