5 8 250 6 94
33 39 21 36 85 40 31 27
157 234 117 236 384 156 149 150
160 208 114 219 357 166 161 152
47 54 28 57 87 40 54 36
97 130 62 119 187 93 80 76
25 107 109 29 67
0 8 14 8 3
8 0 16 13 8
14 16 0 12 15
8 13 12 0 8
3 8 15 8 0
0 7 20 16 7 16 14 17
7 0 19 15 8 15 15 16
20 19 0 18 19 11 21 11
16 15 18 0 16 17 23 18
7 8 19 16 0 14 14 16
16 15 11 17 14 0 16 7
14 15 21 23 14 16 0 16
17 16 11 18 16 7 16 0
