8 7 250 5 95
25 96 32 42 54 39 43
50 210 62 107 126 94 61
77 283 99 157 168 125 115
41 122 35 56 82 59 40
33 136 47 77 86 61 62
16 57 19 44 65 34 26
41 158 49 89 105 68 63
29 169 60 79 100 84 73
24 57 81 36 43 21 41 42
0 4 4 10 4 5 11 4
4 0 4 10 4 3 10 4
4 4 0 10 3 4 11 4
10 10 10 0 10 10 4 10
4 4 3 10 0 4 11 4
5 3 4 10 4 0 10 4
11 10 11 4 11 10 0 10
4 4 4 10 4 4 10 0
0 6 24 27 23 6 25
6 0 24 27 23 6 25
24 24 0 18 7 24 12
27 27 18 0 19 27 24
23 23 7 19 0 23 11
6 6 24 27 23 0 25
25 25 12 24 11 25 0
