5 8 250 38 62
49 59 46 22 54 33 19 95
24 29 14 10 15 15 8 51
96 102 89 40 76 81 44 206
36 31 35 13 30 34 10 68
100 104 91 45 97 55 39 187
54 25 105 35 109
0 5 18 10 17
5 0 15 8 10
18 15 0 16 20
10 8 16 0 10
17 10 20 10 0
0 19 13 19 17 11 20 20
19 0 13 7 24 23 22 18
13 13 0 13 19 16 18 14
19 7 13 0 22 22 21 19
17 24 19 22 0 16 15 23
11 23 16 22 16 0 19 20
20 22 18 21 15 19 0 17
20 18 14 19 23 20 17 0
