7 4 250 19 81
10 6 28 6
42 22 97 22
46 24 92 38
37 11 85 16
70 36 163 47
26 13 87 13
19 6 44 9
15 59 61 45 97 42 22
0 20 17 6 17 17 6
20 0 16 19 16 16 20
17 16 0 16 5 5 17
6 19 16 0 16 16 6
17 16 5 16 0 5 17
17 16 5 16 5 0 18
6 20 17 6 17 18 0
0 8 27 8
8 0 27 9
27 27 0 28
8 9 28 0
