9 9 250 17 83
35 24 23 44 25 29 36 47 30
60 35 38 60 42 40 75 45 48
82 67 61 121 64 64 109 110 71
84 61 74 116 69 61 113 84 73
53 41 39 70 41 34 66 62 53
29 22 28 42 24 20 37 41 19
29 24 21 46 23 31 49 48 33
46 45 48 73 63 44 73 83 62
8 5 7 14 6 6 9 13 8
24 39 73 70 41 25 25 48 7
0 18 13 14 17 14 17 4 17
18 0 10 9 13 10 13 18 14
13 10 0 4 8 4 8 13 9
14 9 4 0 7 4 8 14 9
17 13 8 7 0 8 4 16 4
14 10 4 4 8 0 8 13 9
17 13 8 8 4 8 0 17 4
4 18 13 14 16 13 17 0 16
17 14 9 9 4 9 4 16 0
0 11 11 10 10 11 24 10 24
11 0 9 9 10 10 22 10 22
11 9 0 10 10 10 22 10 22
10 9 10 0 9 10 23 9 23
10 10 10 9 0 9 23 10 23
11 10 10 10 9 0 23 9 23
24 22 22 23 23 23 0 23 10
10 10 10 9 10 9 23 0 23
24 22 22 23 23 23 10 23 0
