5 8 250 20 80
24 25 46 14 49 28 47 28
33 47 93 39 63 32 39 29
45 54 109 22 69 30 46 34
76 88 146 49 107 57 74 40
69 60 169 43 123 50 57 45
38 50 65 87 89
0 10 9 3 11
10 0 18 13 3
9 18 0 10 19
3 13 10 0 14
11 3 19 14 0
0 23 24 8 28 22 21 21
23 0 22 21 33 8 22 29
24 22 0 24 19 22 22 21
8 21 24 0 27 21 21 21
28 33 19 27 0 33 28 19
22 8 22 21 33 0 23 28
21 22 22 21 28 23 0 17
21 29 21 21 19 28 17 0
