9 8 250 96 4
12 19 9 9 9 5 9 5
17 44 19 33 17 18 19 29
18 38 15 28 14 16 28 27
7 48 14 23 16 16 14 20
10 39 17 35 11 22 16 20
8 15 5 12 8 4 9 6
19 58 17 42 26 30 23 23
15 27 8 20 11 11 12 9
11 25 23 34 16 15 24 16
21 52 46 42 43 18 59 26 39
0 16 18 18 15 11 18 18 17
16 0 19 18 2 17 19 19 3
18 19 0 4 18 10 4 3 19
18 18 4 0 18 10 2 2 18
15 2 18 18 0 16 18 18 3
11 17 10 10 16 0 9 9 17
18 19 4 2 18 9 0 2 19
18 19 3 2 18 9 2 0 19
17 3 19 18 3 17 19 19 0
0 16 15 14 21 16 21 11
16 0 12 16 18 10 18 17
15 12 0 17 19 12 18 16
14 16 17 0 20 16 20 15
21 18 19 20 0 18 11 21
16 10 12 16 18 0 18 17
21 18 18 20 11 18 0 21
11 17 16 15 21 17 21 0
