9 10 250 6 94
31 4 10 43 11 3 6 34 32 8
27 1 7 46 21 3 9 33 34 10
51 10 20 82 34 9 10 72 65 11
76 8 44 144 39 11 21 108 88 25
17 1 10 18 7 3 3 18 19 7
49 6 19 93 21 4 16 53 60 8
38 6 26 74 30 8 8 49 45 8
42 9 14 72 31 6 13 65 53 14
68 14 29 114 30 13 20 90 74 19
21 24 43 75 13 43 33 36 60
0 7 8 6 7 8 2 9 7
7 0 4 9 3 3 7 12 3
8 4 0 11 4 4 8 14 5
6 9 11 0 9 10 6 5 8
7 3 4 9 0 4 7 12 3
8 3 4 10 4 0 7 13 4
2 7 8 6 7 7 0 9 7
9 12 14 5 12 13 9 0 11
7 3 5 8 3 4 7 11 0
0 10 7 19 23 22 28 26 30 28
10 0 10 19 25 24 28 28 32 29
7 10 0 18 22 21 26 25 29 27
19 19 18 0 15 17 15 20 18 15
23 25 22 15 0 10 19 11 15 19
22 24 21 17 10 0 23 10 20 24
28 28 26 15 19 23 0 24 14 6
26 28 25 20 11 10 24 0 18 23
30 32 29 18 15 20 14 18 0 14
28 29 27 15 19 24 6 23 14 0
