10 10 250 46 54
9 3 11 4 6 5 9 4 10 6
10 3 12 1 5 6 7 6 11 16
27 12 16 12 8 12 16 9 16 37
9 4 8 5 4 11 7 4 11 20
28 7 18 9 3 8 23 10 16 19
15 7 19 6 4 9 9 5 10 20
17 11 18 7 4 15 10 11 21 16
33 12 16 10 8 19 14 10 15 18
11 7 16 5 2 8 9 4 12 20
18 5 11 4 1 9 9 6 9 11
20 27 51 23 41 33 44 52 31 27
0 14 9 10 17 15 14 17 13 16
14 0 12 16 10 11 10 10 5 10
9 12 0 10 13 12 11 14 11 14
10 16 10 0 15 13 12 15 15 15
17 10 13 15 0 7 7 4 10 5
15 11 12 13 7 0 5 7 11 7
14 10 11 12 7 5 0 7 10 7
17 10 14 15 4 7 7 0 10 5
13 5 11 15 10 11 10 10 0 11
16 10 14 15 5 7 7 5 11 0
0 26 25 11 11 26 25 10 10 26
26 0 11 25 26 10 11 26 25 10
25 11 0 24 25 11 10 25 24 11
11 25 24 0 12 25 25 11 11 25
11 26 25 12 0 25 25 12 12 25
26 10 11 25 25 0 10 25 25 10
25 11 10 25 25 10 0 25 25 10
10 26 25 11 12 25 25 0 10 25
10 25 24 11 12 25 25 10 0 25
26 10 11 25 25 10 10 25 25 0
