10 7 250 26 74
12 32 18 44 18 9 18
48 111 71 181 56 33 89
30 56 36 97 24 12 48
20 49 28 77 25 19 49
15 18 17 47 21 12 20
23 50 33 46 22 11 35
35 66 35 113 22 22 58
22 28 17 62 7 17 21
32 60 39 126 51 32 58
35 52 46 110 32 23 53
19 62 33 33 17 27 45 18 50 36
0 3 16 11 4 11 15 3 4 3
3 0 17 12 2 12 15 2 3 2
16 17 0 9 18 9 9 16 15 16
11 12 9 0 14 2 14 11 12 12
4 2 18 14 0 13 15 3 4 3
11 12 9 2 13 0 13 11 11 11
15 15 9 14 15 13 0 14 13 14
3 2 16 11 3 11 14 0 2 2
4 3 15 12 4 11 13 2 0 2
3 2 16 12 3 11 14 2 2 0
0 15 14 16 15 14 9
15 0 11 11 11 10 15
14 11 0 13 13 11 14
16 11 13 0 10 11 16
15 11 13 10 0 10 16
14 10 11 11 10 0 15
9 15 14 16 16 15 0
