6 8 250 19 81
24 73 21 19 43 22 28 35
40 93 29 28 73 37 26 45
103 222 75 70 179 95 70 125
24 43 13 12 35 18 17 28
46 107 22 23 86 52 42 55
53 97 28 35 101 44 40 53
36 53 125 24 56 56
0 10 6 10 3 7
10 0 10 3 10 11
6 10 0 10 7 3
10 3 10 0 9 11
3 10 7 9 0 7
7 11 3 11 7 0
0 18 22 8 14 16 8 18
18 0 12 18 21 11 18 8
22 12 0 22 25 14 22 13
8 18 22 0 14 16 8 18
14 21 25 14 0 19 14 20
16 11 14 16 19 0 16 11
8 18 22 8 14 16 0 18
18 8 13 18 20 11 18 0
