10 6 250 11 89
35 40 17 46 22 57
52 63 26 52 30 102
69 73 36 58 29 98
115 116 60 109 65 178
39 40 25 61 32 84
61 56 34 50 31 85
23 25 9 27 18 43
102 106 49 87 54 156
74 80 35 62 26 88
40 40 19 35 25 51
20 34 33 64 29 32 14 52 35 22
0 9 9 8 8 9 5 6 8 8
9 0 5 11 9 12 8 10 5 12
9 5 0 11 9 12 8 9 5 12
8 11 11 0 7 6 8 8 11 7
8 9 9 7 0 8 9 9 9 9
9 12 12 6 8 0 9 8 12 7
5 8 8 8 9 9 0 6 8 8
6 10 9 8 9 8 6 0 9 7
8 5 5 11 9 12 8 9 0 11
8 12 12 7 9 7 8 7 11 0
0 18 23 15 15 14
18 0 30 26 20 26
23 30 0 11 36 18
15 26 11 0 28 9
15 20 36 28 0 26
14 26 18 9 26 0
