4 8 250 9 91
148 95 23 57 37 115 106 11
339 190 55 144 97 274 245 30
265 156 49 120 86 196 192 24
296 202 62 167 106 296 261 38
45 105 73 107
0 8 3 12
8 0 8 9
3 8 0 12
12 9 12 0
0 22 21 12 13 11 7 6
22 0 6 18 17 18 22 22
21 6 0 18 17 18 21 22
12 18 18 0 6 6 12 12
13 17 17 6 0 7 12 13
11 18 18 6 7 0 11 11
7 22 21 12 12 11 0 6
6 22 22 12 13 11 6 0
