6 6 250 8 92
76 44 55 94 84 84
147 94 79 156 156 160
159 67 57 144 149 143
211 91 102 176 182 206
200 102 98 186 197 203
118 77 69 96 116 120
35 57 54 77 67 47
0 10 10 17 10 8
10 0 10 18 5 12
10 10 0 11 12 6
17 18 11 0 20 11
10 5 12 20 0 13
8 12 6 11 13 0
0 11 20 14 20 20
11 0 18 12 18 18
20 18 0 20 7 7
14 12 20 0 20 20
20 18 7 20 0 7
20 18 7 20 7 0
