5 10 250 16 84
24 67 35 31 57 118 42 45 67 18
47 131 54 54 122 172 93 68 152 40
37 129 52 39 99 166 105 61 165 31
56 133 42 45 101 200 99 70 123 36
123 230 91 78 185 346 154 122 244 66
32 63 61 59 112
0 15 16 4 15
15 0 4 16 4
16 4 0 17 4
4 16 17 0 16
15 4 4 16 0
0 33 33 9 35 35 11 10 32 34
33 0 6 32 8 9 36 36 8 8
33 6 0 32 8 9 36 35 8 8
9 32 32 0 34 34 11 10 32 33
35 8 8 34 0 7 38 37 8 8
35 9 9 34 7 0 38 37 9 8
11 36 36 11 38 38 0 7 36 37
10 36 35 10 37 37 7 0 35 37
32 8 8 32 8 9 36 35 0 10
34 8 8 33 8 8 37 37 10 0
