6 8 250 32 68
12 5 11 8 4 4 16 20
4 6 5 6 0 1 7 7
28 21 34 17 4 7 40 29
43 22 47 20 11 12 48 62
25 24 37 12 5 3 24 33
41 31 58 36 15 22 62 54
24 12 59 87 52 98
0 10 11 10 13 4
10 0 4 4 7 11
11 4 0 4 8 11
10 4 4 0 8 11
13 7 8 8 0 14
4 11 11 11 14 0
0 17 16 14 6 12 13 22
17 0 6 25 17 21 25 30
16 6 0 24 16 20 24 30
14 25 24 0 14 15 6 23
6 17 16 14 0 13 13 23
12 21 20 15 13 0 14 18
13 25 24 6 13 14 0 21
22 30 30 23 23 18 21 0
