9 5 250 6 94
60 23 86 14 27
101 49 119 33 38
133 65 185 39 76
67 31 78 17 36
40 18 63 7 16
63 34 93 22 33
38 20 50 14 25
111 37 141 29 56
75 31 118 26 60
28 43 69 34 21 33 20 50 45
0 12 5 11 6 12 12 8 12
12 0 12 7 12 5 5 15 8
5 12 0 11 6 12 12 8 12
11 7 11 0 11 7 8 14 7
6 12 6 11 0 12 12 8 12
12 5 12 7 12 0 5 15 7
12 5 12 8 12 5 0 15 8
8 15 8 14 8 15 15 0 14
12 8 12 7 12 7 8 14 0
0 27 25 28 27
27 0 26 27 26
25 26 0 8 7
28 27 8 0 6
27 26 7 6 0
