10 7 250 57 43
16 19 19 12 74 17 23
10 18 18 22 90 7 22
15 34 69 53 208 38 61
5 22 22 20 89 18 19
18 27 52 42 126 28 30
3 8 22 10 56 5 10
21 22 38 30 151 39 42
8 19 25 25 89 8 18
7 9 17 8 41 4 10
9 16 24 21 71 11 18
29 27 66 29 48 18 49 30 15 27
0 18 19 5 3 14 3 17 16 19
18 0 6 14 17 10 16 6 5 5
19 6 0 15 18 8 17 3 4 3
5 14 15 0 4 10 4 14 12 15
3 17 18 4 0 13 2 17 15 18
14 10 8 10 13 0 13 7 7 9
3 16 17 4 2 13 0 16 15 17
17 6 3 14 17 7 16 0 3 5
16 5 4 12 15 7 15 3 0 4
19 5 3 15 18 9 17 5 4 0
0 21 11 21 22 9 23
21 0 21 10 9 21 26
11 21 0 21 22 10 24
21 10 21 0 11 21 25
22 9 22 11 0 22 27
9 21 10 21 22 0 22
23 26 24 25 27 22 0
