8 9 250 11 89
12 13 12 8 8 3 5 6 9
26 22 9 14 17 5 5 8 16
23 30 14 19 17 8 9 16 20
109 129 52 64 68 16 56 49 85
17 23 11 16 7 6 15 7 6
24 33 8 15 12 6 11 8 17
14 25 11 13 14 6 9 12 19
17 15 9 15 5 4 4 8 14
17 29 39 136 27 34 28 22
0 9 8 7 3 10 12 10
9 0 6 5 8 4 13 4
8 6 0 8 7 6 9 7
7 5 8 0 7 7 14 7
3 8 7 7 0 9 12 9
10 4 6 7 9 0 11 3
12 13 9 14 12 11 0 12
10 4 7 7 9 3 12 0
0 14 8 15 15 16 16 11 17
14 0 14 19 8 19 16 16 17
8 14 0 15 15 16 16 12 16
15 19 15 0 19 9 17 16 17
15 8 15 19 0 19 17 16 17
16 19 16 9 19 0 17 17 17
16 16 16 17 17 17 0 19 8
11 16 12 16 16 17 19 0 20
17 17 16 17 17 17 8 20 0
