5 10 250 50 50
96 35 39 74 53 34 37 46 46 38
114 48 55 75 53 38 43 63 51 44
187 110 99 154 113 99 88 118 116 87
175 96 78 152 116 57 78 92 112 75
102 38 36 58 34 20 49 39 38 42
44 57 115 86 39
0 6 16 16 17
6 0 18 18 19
16 18 0 4 4
16 18 4 0 4
17 19 4 4 0
0 28 27 24 28 25 20 27 27 27
28 0 24 26 25 17 27 10 10 10
27 24 0 26 10 28 26 25 23 25
24 26 26 0 26 21 12 25 26 25
28 25 10 26 0 28 26 25 23 25
25 17 28 21 28 0 22 16 17 15
20 27 26 12 26 22 0 26 26 26
27 10 25 25 25 16 26 0 10 9
27 10 23 26 23 17 26 10 0 11
27 10 25 25 25 15 26 9 11 0
