4 10 250 32 68
20 67 30 16 69 36 26 20 39 65
17 119 54 21 130 45 35 33 55 97
35 150 79 41 181 63 40 40 89 152
14 60 39 14 79 41 14 22 37 64
65 89 123 58
0 5 17 5
5 0 16 5
17 16 0 17
5 5 17 0
0 17 19 17 21 18 15 21 10 11
17 0 19 10 19 19 17 20 18 18
19 19 0 19 12 9 23 12 18 19
17 10 19 0 19 18 17 20 18 18
21 19 12 19 0 13 25 10 20 21
18 19 9 18 13 0 23 12 18 19
15 17 23 17 25 23 0 25 17 16
21 20 12 20 10 12 25 0 20 21
10 18 18 18 20 18 17 20 0 10
11 18 19 18 21 19 16 21 10 0
