5 10 250 4 96
13 58 87 63 15 89 20 136 28 88
11 62 65 63 21 89 16 121 31 66
29 170 182 178 27 218 56 284 78 162
45 179 184 184 43 252 70 295 90 209
10 72 88 81 19 104 31 164 37 93
42 41 97 116 49
0 15 15 10 4
15 0 3 9 16
15 3 0 9 16
10 9 9 0 11
4 16 16 11 0
0 24 22 23 8 23 8 23 25 23
24 0 9 8 23 9 25 9 32 8
22 9 0 9 21 8 23 9 32 8
23 8 9 0 22 9 24 8 30 8
8 23 21 22 0 22 9 22 25 22
23 9 8 9 22 0 24 8 32 8
8 25 23 24 9 24 0 24 25 24
23 9 9 8 22 8 24 0 31 7
25 32 32 30 25 32 25 31 0 31
23 8 8 8 22 8 24 7 31 0
