7 8 250 19 81
66 97 37 29 39 80 81 29
99 184 57 41 60 87 135 60
119 223 75 77 94 118 171 64
40 71 32 24 41 58 71 37
26 69 20 21 21 25 39 24
41 114 29 33 49 61 100 40
87 191 67 46 84 86 151 81
40 59 72 34 23 38 61
0 10 10 4 15 10 9
10 0 9 10 10 4 9
10 9 0 9 16 10 4
4 10 9 0 15 10 9
15 10 16 15 0 10 15
10 4 10 10 10 0 9
9 9 4 9 15 9 0
0 17 15 10 17 11 17 13
17 0 14 17 9 16 10 14
15 14 0 15 14 14 14 11
10 17 15 0 17 11 17 13
17 9 14 17 0 17 10 14
11 16 14 11 17 0 16 12
17 10 14 17 10 16 0 14
13 14 11 13 14 12 14 0
