8 7 250 27 73
8 16 6 16 8 20 44
16 24 8 29 11 31 77
15 22 9 27 16 32 75
13 20 5 16 8 25 50
14 10 5 13 10 14 50
12 13 7 17 7 23 57
9 17 4 23 7 19 53
6 10 3 13 5 10 18
40 56 66 39 36 38 39 22
0 18 4 4 19 4 4 18
18 0 17 18 4 17 17 4
4 17 0 4 18 3 3 17
4 18 4 0 18 4 4 18
19 4 18 18 0 18 18 4
4 17 3 4 18 0 3 17
4 17 3 4 18 3 0 17
18 4 17 18 4 17 17 0
0 11 36 36 36 10 39
11 0 31 31 31 9 34
36 31 0 7 10 34 10
36 31 7 0 10 33 11
36 31 10 10 0 33 10
10 9 34 33 33 0 36
39 34 10 11 10 36 0
