10 8 250 51 49
10 4 17 7 9 8 8 3
17 17 21 16 39 22 15 5
33 19 23 22 36 24 19 9
52 25 43 35 78 45 26 14
40 21 28 31 64 45 38 14
24 16 23 15 24 23 22 5
41 36 43 27 85 36 36 17
28 18 22 29 48 27 15 13
10 8 5 6 17 10 9 3
38 27 44 32 73 26 32 22
13 24 32 57 45 24 52 31 11 55
0 3 7 7 8 7 7 7 2 3
3 0 7 7 8 7 7 7 3 3
7 7 0 6 11 6 2 3 6 7
7 7 6 0 8 2 6 6 7 7
8 8 11 8 0 8 11 11 8 8
7 7 6 2 8 0 7 6 7 6
7 7 2 6 11 7 0 3 7 7
7 7 3 6 11 6 3 0 7 7
2 3 6 7 8 7 7 7 0 3
3 3 7 7 8 6 7 7 3 0
0 18 7 24 18 24 24 7
18 0 17 22 6 22 22 17
7 17 0 24 17 24 24 7
24 22 24 0 23 8 7 24
18 6 17 23 0 22 23 17
24 22 24 8 22 0 7 23
24 22 24 7 23 7 0 24
7 17 7 24 17 23 24 0
