9 7 250 88 12
27 58 36 24 29 37 37
43 181 65 53 69 107 86
77 217 103 81 99 131 117
52 136 55 39 54 85 64
22 97 33 27 32 55 53
45 132 66 45 55 76 45
14 65 18 19 22 27 25
27 81 35 29 24 44 45
23 63 33 20 29 27 30
23 56 70 48 28 42 18 25 22
0 12 4 14 9 8 10 8 14
12 0 10 16 14 13 10 12 15
4 10 0 15 8 7 9 7 15
14 16 15 0 18 18 12 18 4
9 14 8 18 0 3 10 3 18
8 13 7 18 3 0 10 3 18
10 10 9 12 10 10 0 9 11
8 12 7 18 3 3 9 0 17
14 15 15 4 18 18 11 17 0
0 22 20 6 9 19 9
22 0 30 22 24 29 19
20 30 0 21 16 7 20
6 22 21 0 9 20 9
9 24 16 9 0 16 10
19 29 7 20 16 0 19
9 19 20 9 10 19 0
