7 10 250 13 87
10 6 8 18 7 11 11 10 19 5
26 14 28 46 23 28 31 27 31 28
29 19 17 36 29 28 28 26 24 11
77 49 26 100 79 58 61 29 68 41
76 48 32 105 59 65 67 41 58 52
22 17 11 36 22 23 25 12 15 16
39 23 23 67 40 50 40 27 50 25
16 44 38 91 81 27 54
0 8 7 8 7 16 16
8 0 5 10 4 13 13
7 5 0 11 4 15 15
8 10 11 0 11 16 16
7 4 4 11 0 14 14
16 13 15 16 14 0 3
16 13 15 16 14 3 0
0 10 11 30 35 34 11 38 34 38
10 0 10 30 33 33 10 37 33 37
11 10 0 29 32 32 9 36 32 36
30 30 29 0 33 34 29 22 33 21
35 33 32 33 0 11 32 25 9 27
34 33 32 34 11 0 31 27 10 29
11 10 9 29 32 31 0 36 32 36
38 37 36 22 25 27 36 0 25 11
34 33 32 33 9 10 32 25 0 27
38 37 36 21 27 29 36 11 27 0
