9 7 250 11 89
38 52 19 130 74 39 62
58 72 29 238 127 67 98
54 78 32 261 192 99 111
36 33 9 116 54 32 29
46 63 16 191 106 56 78
35 34 26 142 75 50 39
27 50 17 132 71 52 56
27 24 15 113 85 59 45
53 66 33 243 139 90 101
31 55 54 23 36 29 30 28 51
0 9 10 7 10 8 19 4 19
9 0 3 5 6 4 15 11 16
10 3 0 7 6 5 14 12 14
7 5 7 0 8 3 18 10 19
10 6 6 8 0 8 14 10 15
8 4 5 3 8 0 17 11 18
19 15 14 18 14 17 0 17 2
4 11 12 10 10 11 17 0 17
19 16 14 19 15 18 2 17 0
0 28 7 27 7 27 7
28 0 28 7 28 7 27
7 28 0 27 7 27 7
27 7 27 0 27 7 27
7 28 7 27 0 28 7
27 7 27 7 28 0 27
7 27 7 27 7 27 0
