5 10 250 28 72
58 78 27 28 40 55 57 35 47 19
16 22 10 14 29 28 46 21 21 11
62 104 58 59 73 82 105 42 79 25
36 49 31 25 29 37 42 24 25 13
73 126 60 74 76 85 107 53 69 26
61 33 90 39 112
0 4 5 14 13
4 0 5 13 13
5 5 0 12 12
14 13 12 0 4
13 13 12 4 0
0 30 36 26 32 27 38 27 36 35
30 0 31 27 16 28 28 26 31 22
36 31 0 19 27 25 18 26 10 22
26 27 19 0 25 19 23 20 20 23
32 16 27 25 0 23 22 21 27 15
27 28 25 19 23 0 24 11 26 23
38 28 18 23 22 24 0 24 18 16
27 26 26 20 21 11 24 0 26 21
36 31 10 20 27 26 18 26 0 23
35 22 22 23 15 23 16 21 23 0
