6 7 250 30 70
25 30 54 52 48 56 27
68 38 78 105 95 106 37
68 39 84 110 85 114 44
85 39 69 97 84 112 46
74 42 69 83 64 93 39
43 18 36 47 36 50 22
39 70 73 67 63 35
0 5 10 11 5 7
5 0 2 12 9 3
10 2 0 11 13 2
11 12 11 0 12 5
5 9 13 12 0 10
7 3 2 5 10 0
0 9 13 14 13 13 13
9 0 13 14 13 14 13
13 13 0 12 17 12 17
14 14 12 0 18 9 17
13 13 17 18 0 18 9
13 14 12 9 18 0 17
13 13 17 17 9 17 0
