7 8 250 3 97
28 33 36 67 52 15 18 62
33 41 30 77 45 23 23 72
125 169 220 316 252 95 106 289
16 27 26 33 21 12 13 31
39 55 66 92 72 27 29 91
111 167 176 275 245 75 94 233
56 63 69 118 78 35 44 122
22 23 111 12 34 102 41
0 7 6 3 12 3 12
7 0 3 7 13 7 13
6 3 0 6 13 6 13
3 7 6 0 12 3 12
12 13 13 12 0 11 3
3 7 6 3 11 0 11
12 13 13 12 3 11 0
0 25 16 9 24 8 16 7
25 0 24 24 8 25 24 25
16 24 0 17 23 17 7 17
9 24 17 0 23 9 17 9
24 8 23 23 0 25 23 24
8 25 17 9 25 0 17 7
16 24 7 17 23 17 0 17
7 25 17 9 24 7 17 0
