6 7 250 6 94
13 51 17 48 22 56 23
32 96 33 88 38 127 55
59 178 68 141 54 235 108
37 94 38 80 42 134 66
108 272 85 227 118 388 183
102 274 111 233 114 376 165
18 33 56 34 88 95
0 11 15 11 15 9
11 0 4 2 13 10
15 4 0 7 18 7
11 2 7 0 17 13
15 13 18 17 0 16
9 10 7 13 16 0
0 29 31 29 25 28 25
29 0 16 8 19 24 20
31 16 0 15 17 19 17
29 8 15 0 19 23 20
25 19 17 19 0 23 8
28 24 19 23 23 0 23
25 20 17 20 8 23 0
