5 10 250 9 91
6 15 11 15 1 9 12 9 17 19
17 6 12 12 7 9 8 7 8 22
35 22 31 33 16 12 17 28 36 51
44 21 36 46 15 19 37 23 46 68
36 13 21 21 8 11 15 8 30 41
33 32 96 110 63
0 7 14 6 13
7 0 13 5 11
14 13 0 14 7
6 5 14 0 12
13 11 7 12 0
0 14 21 21 14 14 21 10 14 20
14 0 22 19 10 9 19 13 10 21
21 22 0 19 22 22 18 21 22 10
21 19 19 0 20 19 9 20 20 19
14 10 22 20 0 10 21 13 10 22
14 9 22 19 10 0 20 12 9 22
21 19 18 9 21 20 0 20 20 19
10 13 21 20 13 12 20 0 13 21
14 10 22 20 10 9 20 13 0 21
20 21 10 19 22 22 19 21 21 0
