7 5 250 12 88
199 86 74 101 77
351 167 102 130 133
330 134 103 176 146
154 80 56 70 62
145 79 49 67 54
307 137 93 140 105
324 130 92 150 107
35 69 66 32 29 54 55
0 13 11 10 11 13 10
13 0 16 14 19 4 15
11 16 0 11 18 16 5
10 14 11 0 15 14 9
11 19 18 15 0 20 17
13 4 16 14 20 0 15
10 15 5 9 17 15 0
0 10 28 13 27
10 0 22 8 22
28 22 0 19 6
13 8 19 0 18
27 22 6 18 0
