9 7 250 15 85
8 16 12 21 10 11 22
11 27 20 28 28 18 52
14 30 16 26 33 13 38
14 18 10 20 10 9 28
9 5 3 8 7 6 12
5 13 9 15 9 6 14
6 2 5 13 6 9 18
32 68 37 63 49 32 86
20 31 20 43 38 18 46
26 49 46 30 14 20 17 104 51
0 5 17 6 6 16 3 5 7
5 0 19 2 3 18 6 3 4
17 19 0 18 17 5 20 16 17
6 2 18 0 2 17 7 2 2
6 3 17 2 0 17 7 2 2
16 18 5 17 17 0 18 16 17
3 6 20 7 7 18 0 6 8
5 3 16 2 2 16 6 0 3
7 4 17 2 2 17 8 3 0
0 7 21 23 20 29 29
7 0 21 22 21 29 29
21 21 0 14 7 18 17
23 22 14 0 15 18 19
20 21 7 15 0 21 20
29 29 18 18 21 0 6
29 29 17 19 20 6 0
