7 8 250 6 94
27 79 41 38 19 32 49 32
14 28 28 22 11 12 18 17
45 125 71 57 37 35 69 52
49 86 76 65 33 41 64 47
22 28 26 16 6 13 22 21
38 71 52 47 20 30 65 30
15 45 41 32 13 16 41 18
51 23 70 67 27 51 38
0 18 17 6 14 6 18
18 0 11 18 15 18 5
17 11 0 17 13 17 11
6 18 17 0 12 5 18
14 15 13 12 0 11 16
6 18 17 5 11 0 18
18 5 11 18 16 18 0
0 31 31 32 8 8 30 31
31 0 8 9 30 30 8 8
31 8 0 8 30 30 9 7
32 9 8 0 31 31 10 8
8 30 30 31 0 8 29 30
8 30 30 31 8 0 29 30
30 8 9 10 29 29 0 9
31 8 7 8 30 30 9 0
