8 7 250 41 59
49 42 26 88 51 39 6
47 24 17 57 42 37 7
122 69 55 149 106 86 16
152 95 80 261 137 190 24
82 59 31 148 89 87 24
91 64 38 141 92 95 18
81 47 24 93 53 73 8
59 45 24 94 50 87 14
25 21 57 77 49 49 37 36
0 11 10 11 11 12 10 13
11 0 5 5 4 13 8 9
10 5 0 5 5 11 7 8
11 5 5 0 5 12 8 9
11 4 5 5 0 13 8 9
12 13 11 12 13 0 9 9
10 8 7 8 8 9 0 9
13 9 8 9 9 9 9 0
0 10 9 10 16 10 15
10 0 10 9 15 9 14
9 10 0 10 17 10 16
10 9 10 0 16 9 14
16 15 17 16 0 16 10
10 9 10 9 16 0 15
15 14 16 14 10 15 0
