5 8 250 7 93
35 49 69 58 52 49 33 61
43 78 83 104 105 46 50 102
67 103 125 147 130 70 78 162
29 65 66 88 65 31 34 74
47 72 81 113 112 55 54 104
46 63 108 55 71
0 19 3 17 15
19 0 15 11 11
3 15 0 14 9
17 11 14 0 15
15 11 9 15 0
0 18 19 34 16 28 13 17
18 0 7 36 16 22 17 7
19 7 0 35 16 20 17 8
34 36 35 0 31 26 28 36
16 16 16 31 0 20 12 16
28 22 20 26 20 0 21 22
13 17 17 28 12 21 0 17
17 7 8 36 16 22 17 0
