9 6 250 17 83
25 48 32 44 20 17
65 126 76 77 53 56
48 105 58 59 46 38
36 78 39 44 27 31
33 57 39 35 24 30
16 22 12 11 11 11
38 73 45 51 31 26
64 91 74 66 41 34
100 175 127 125 80 78
25 56 45 31 26 11 31 48 83
0 12 8 17 4 8 12 18 10
12 0 7 17 12 7 4 17 7
8 7 0 18 9 4 7 18 7
17 17 18 0 16 17 17 5 15
4 12 9 16 0 8 12 17 10
8 7 4 17 8 0 7 17 7
12 4 7 17 12 7 0 18 6
18 17 18 5 17 17 18 0 16
10 7 7 15 10 7 6 16 0
0 13 15 14 11 6
13 0 11 10 17 14
15 11 0 6 18 15
14 10 6 0 18 15
11 17 18 18 0 11
6 14 15 15 11 0
