9 8 250 22 78
8 145 82 53 64 68 91 48
6 83 39 24 34 35 41 27
29 259 170 77 118 146 179 108
7 68 47 20 32 46 55 25
17 144 98 43 76 80 113 74
15 119 73 35 56 77 102 60
9 77 54 27 30 46 53 30
18 145 85 29 74 70 91 63
14 134 78 41 73 83 111 65
38 22 74 23 43 36 21 36 39
0 17 17 3 17 12 16 16 3
17 0 3 17 7 12 7 3 17
17 3 0 18 7 12 7 4 17
3 17 18 0 17 13 17 17 3
17 7 7 17 0 13 3 7 16
12 12 12 13 13 0 12 12 12
16 7 7 17 3 12 0 7 16
16 3 4 17 7 12 7 0 16
3 17 17 3 16 12 16 16 0
0 27 38 35 27 22 23 21
27 0 26 26 10 17 33 31
38 26 0 19 25 26 40 37
35 26 19 0 25 23 33 30
27 10 25 25 0 16 33 30
22 17 26 23 16 0 26 23
23 33 40 33 33 26 0 12
21 31 37 30 30 23 12 0
