7 7 250 4 96
89 31 47 20 6 56 57
118 34 57 33 11 64 65
261 69 112 79 27 106 154
93 25 47 32 17 35 51
115 39 64 42 9 63 69
178 43 92 59 29 88 102
30 12 27 14 5 19 26
38 41 85 35 42 72 17
0 11 2 11 2 2 11
11 0 12 3 11 12 7
2 12 0 12 2 2 12
11 3 12 0 11 12 7
2 11 2 11 0 2 11
2 12 2 12 2 0 12
11 7 12 7 11 12 0
0 14 9 13 15 16 14
14 0 15 18 9 14 14
9 15 0 12 15 16 13
13 18 12 0 18 16 15
15 9 15 18 0 14 13
16 14 16 16 14 0 15
14 14 13 15 13 15 0
