6 10 250 4 96
57 21 26 35 25 19 20 29 60 24
54 28 20 54 21 19 34 45 59 27
139 74 41 111 54 70 51 92 153 72
98 42 34 62 29 32 27 64 73 51
209 91 84 148 71 75 66 135 215 117
110 59 46 83 41 45 42 74 119 71
29 30 76 46 97 60
0 11 14 6 13 6
11 0 15 15 15 13
14 15 0 17 3 17
6 15 17 0 16 6
13 15 3 16 0 17
6 13 17 6 17 0
0 8 24 21 8 9 22 8 7 7
8 0 25 21 7 7 21 8 8 8
24 25 0 28 24 24 28 25 24 23
21 21 28 0 20 22 8 22 21 22
8 7 24 20 0 7 21 8 8 8
9 7 24 22 7 0 22 7 8 8
22 21 28 8 21 22 0 23 22 22
8 8 25 22 8 7 23 0 8 8
7 8 24 21 8 8 22 8 0 7
7 8 23 22 8 8 22 8 7 0
