9 10 250 13 87
9 4 6 11 1 12 9 5 6 10
40 23 50 38 29 76 57 39 30 40
23 17 24 35 11 52 34 29 20 30
18 8 18 15 13 28 32 22 6 22
21 8 19 21 6 28 26 19 12 24
30 10 24 41 15 52 52 28 27 25
21 13 29 24 21 59 46 27 20 36
12 8 12 11 11 27 20 13 8 18
31 9 49 40 23 84 51 28 31 37
12 60 46 28 26 49 47 21 60
0 8 11 8 6 9 8 10 3
8 0 9 7 5 9 7 8 8
11 9 0 6 8 7 6 4 11
8 7 6 0 6 6 4 6 8
6 5 8 6 0 8 6 8 6
9 9 7 6 8 0 7 7 8
8 7 6 4 6 7 0 6 8
10 8 4 6 8 7 6 0 10
3 8 11 8 6 8 8 10 0
0 23 24 17 23 17 18 14 17 18
23 0 20 21 10 21 17 21 20 16
24 20 0 21 19 20 17 22 21 22
17 21 21 0 20 9 19 12 9 16
23 10 19 20 0 20 16 21 20 16
17 21 20 9 20 0 18 12 9 16
18 17 17 19 16 18 0 19 18 17
14 21 22 12 21 12 19 0 12 15
17 20 21 9 20 9 18 12 0 16
18 16 22 16 16 16 17 15 16 0
