10 5 250 7 93
14 42 32 66 14
32 100 58 101 33
40 128 65 171 46
33 116 69 158 30
43 184 105 250 63
14 64 38 100 19
25 114 66 149 36
52 199 102 280 62
17 63 29 76 30
29 100 46 131 33
14 31 40 38 59 20 33 57 20 33
0 8 4 5 6 4 2 6 11 4
8 0 9 5 10 10 6 12 5 12
4 9 0 6 5 6 4 9 10 5
5 5 6 0 9 6 4 9 7 8
6 10 5 9 0 10 6 10 12 7
4 10 6 6 10 0 6 5 12 3
2 6 4 4 6 6 0 8 9 6
6 12 9 9 10 5 8 0 16 5
11 5 10 7 12 12 9 16 0 14
4 12 5 8 7 3 6 5 14 0
0 7 28 19 18
7 0 29 20 19
28 29 0 27 27
19 20 27 0 7
18 19 27 7 0
