10 5 250 22 78
36 43 12 55 33
49 43 22 74 44
90 87 37 117 92
83 89 52 160 85
42 45 18 56 30
52 67 22 76 64
115 97 49 153 94
51 38 18 48 30
73 89 34 116 82
30 28 9 31 18
22 27 51 59 24 35 58 20 47 15
0 13 20 2 10 4 9 19 4 16
13 0 15 13 12 13 11 14 12 12
20 15 0 20 16 20 16 4 19 6
2 13 20 0 10 3 9 19 4 16
10 12 16 10 0 9 4 15 8 12
4 13 20 3 9 0 8 20 4 17
9 11 16 9 4 8 0 15 7 12
19 14 4 19 15 20 15 0 18 5
4 12 19 4 8 4 7 18 0 16
16 12 6 16 12 17 12 5 16 0
0 31 22 22 30
31 0 20 20 24
22 20 0 8 17
22 20 8 0 17
30 24 17 17 0
