7 9 250 23 77
25 17 4 13 11 18 30 9 12
180 133 51 87 59 134 91 58 62
72 51 17 33 26 53 44 27 28
34 27 8 18 7 14 20 5 15
43 46 12 30 21 38 28 22 30
121 78 26 41 36 67 45 43 43
75 39 17 34 18 45 37 22 23
19 102 42 21 32 66 40
0 4 3 3 3 14 3
4 0 3 3 3 14 3
3 3 0 3 3 14 3
3 3 3 0 3 14 3
3 3 3 3 0 14 3
14 14 14 14 14 0 14
3 3 3 3 3 14 0
0 18 18 34 32 35 35 30 34
18 0 10 32 31 25 25 23 25
18 10 0 32 31 26 26 23 25
34 32 32 0 11 38 40 39 39
32 31 31 11 0 37 39 39 38
35 25 26 38 37 0 11 22 9
35 25 26 40 39 11 0 23 11
30 23 23 39 39 22 23 0 22
34 25 25 39 38 9 11 22 0
