5 7 250 4 96
36 42 58 75 88 75 77
81 79 141 153 239 160 210
83 99 151 230 275 189 237
68 89 149 212 298 188 227
65 59 89 122 176 112 134
34 78 84 97 55
0 14 14 15 5
14 0 5 4 15
14 5 0 5 14
15 4 5 0 15
5 15 14 15 0
0 23 17 18 13 20 17
23 0 15 6 14 19 20
17 15 0 10 18 23 13
18 6 10 0 12 16 15
13 14 18 12 0 13 20
20 19 23 16 13 0 17
17 20 13 15 20 17 0
