9 4 250 64 36
25 44 53 45
12 24 19 18
98 196 207 225
27 54 57 50
47 92 97 98
43 63 78 88
55 70 74 99
17 44 47 57
12 44 47 44
25 11 98 24 46 40 41 23 23
0 4 12 14 4 7 5 7 7
4 0 12 14 4 6 4 7 7
12 12 0 20 12 11 12 11 11
14 14 20 0 14 13 15 13 13
4 4 12 14 0 7 5 7 7
7 6 11 13 7 0 7 4 4
5 4 12 15 5 7 0 8 8
7 7 11 13 7 4 8 0 4
7 7 11 13 7 4 8 4 0
0 23 24 8
23 0 7 24
24 7 0 24
8 24 24 0
