8 9 250 8 92
44 45 36 18 41 25 30 4 12
116 133 78 34 104 54 72 25 31
81 111 70 29 80 38 67 14 25
71 97 71 15 67 29 39 11 16
75 121 68 30 62 36 64 14 30
86 108 83 33 73 31 70 14 34
60 82 40 17 53 27 47 16 19
87 103 49 22 57 27 50 21 18
22 63 49 43 43 52 36 44
0 16 6 6 16 16 6 16
16 0 15 17 5 5 15 5
6 15 0 6 15 15 5 15
6 17 6 0 17 17 6 17
16 5 15 17 0 6 16 6
16 5 15 17 6 0 16 5
6 15 5 6 16 16 0 15
16 5 15 17 6 5 15 0
0 21 9 20 23 20 22 23 23
21 0 21 17 23 19 16 21 10
9 21 0 20 23 20 22 22 23
20 17 20 0 27 24 10 26 18
23 23 23 27 0 12 27 10 23
20 19 20 24 12 0 24 11 20
22 16 22 10 27 24 0 26 17
23 21 22 26 10 11 26 0 22
23 10 23 18 23 20 17 22 0
