6 10 250 18 82
18 25 14 21 23 3 12 5 12 12
24 27 11 28 15 10 23 11 14 16
80 54 43 51 68 19 44 29 36 44
26 25 15 15 26 7 13 7 18 17
46 47 39 35 44 13 30 18 25 27
59 40 27 44 43 16 41 18 20 30
28 40 108 37 75 68
0 18 13 18 15 15
18 0 10 2 10 7
13 10 0 10 3 4
18 2 10 0 10 7
15 10 3 10 0 4
15 7 4 7 4 0
0 21 14 20 14 25 23 16 17 15
21 0 25 17 18 24 14 19 19 13
14 25 0 23 15 27 30 15 15 20
20 17 23 0 20 32 20 16 18 17
14 18 15 20 0 21 24 13 11 14
25 24 27 32 21 0 28 27 25 23
23 14 30 20 24 28 0 25 25 16
16 19 15 16 13 27 25 0 9 16
17 19 15 18 11 25 25 9 0 16
15 13 20 17 14 23 16 16 16 0
