5 7 250 7 93
9 18 11 5 1 43 21
27 41 47 35 9 109 64
22 28 43 13 12 97 49
32 57 70 36 19 127 67
24 33 37 21 11 95 46
28 78 61 93 70
0 8 7 6 18
8 0 6 5 19
7 6 0 4 20
6 5 4 0 19
18 19 20 19 0
0 20 14 23 29 9 8
20 0 10 16 16 18 16
14 10 0 8 12 14 16
23 16 8 0 16 17 27
29 16 12 16 0 30 27
9 18 14 17 30 0 17
8 16 16 27 27 17 0
