10 8 250 43 57
34 10 21 38 32 36 87 18
20 3 7 10 10 20 37 5
46 9 46 43 41 41 120 28
43 11 44 47 43 41 97 23
41 22 21 42 31 29 76 20
23 6 19 34 28 26 68 22
24 9 35 30 15 27 88 17
17 6 8 19 8 11 29 9
65 22 72 70 48 54 175 41
31 4 17 20 15 21 59 11
33 13 52 48 32 28 31 15 75 24
0 5 3 2 7 15 6 5 16 6
5 0 6 6 8 13 8 2 13 3
3 6 0 2 6 15 6 6 16 6
2 6 2 0 7 15 6 6 16 6
7 8 6 7 0 17 2 8 17 8
15 13 15 15 17 0 17 12 2 12
6 8 6 6 2 17 0 8 18 8
5 2 6 6 8 12 8 0 13 2
16 13 16 16 17 2 18 13 0 13
6 3 6 6 8 12 8 2 13 0
0 16 18 17 16 8 18 9
16 0 18 18 8 16 18 17
18 18 0 8 18 18 8 18
17 18 8 0 18 18 8 18
16 8 18 18 0 16 18 17
8 16 18 18 16 0 18 9
18 18 8 8 18 18 0 18
9 17 18 18 17 9 18 0
