8 5 250 46 54
64 65 68 120 24
125 191 148 260 47
116 126 108 179 30
169 199 178 296 46
151 222 153 269 43
157 217 167 307 43
32 46 39 62 18
35 57 43 66 10
27 61 38 61 57 65 15 16
0 9 5 12 5 6 11 5
9 0 10 17 8 11 17 7
5 10 0 11 6 5 10 6
12 17 11 0 14 11 4 13
5 8 6 14 0 6 13 4
6 11 5 11 6 0 11 7
11 17 10 4 13 11 0 13
5 7 6 13 4 7 13 0
0 31 29 31 30
31 0 9 6 7
29 9 0 8 8
31 6 8 0 6
30 7 8 6 0
