6 5 250 10 90
121 73 233 55 49
314 185 611 137 125
184 131 355 90 79
65 40 92 29 17
96 61 167 45 35
70 54 158 41 24
48 130 70 22 37 30
0 7 15 16 18 18
7 0 14 14 16 16
15 14 0 20 17 16
16 14 20 0 15 15
18 16 17 15 0 5
18 16 16 15 5 0
0 15 37 16 37
15 0 36 13 36
37 36 0 37 10
16 13 37 0 37
37 36 10 37 0
