8 5 250 66 34
20 8 16 6 8
26 17 17 9 13
57 50 52 25 34
57 30 36 20 27
28 19 20 15 12
19 11 15 16 12
58 34 37 34 24
60 38 38 15 25
21 28 73 51 27 23 64 60
0 15 17 12 13 17 15 9
15 0 7 4 10 10 7 14
17 7 0 6 6 14 9 19
12 4 6 0 7 13 9 13
13 10 6 7 0 17 12 17
17 10 14 13 17 0 6 14
15 7 9 9 12 6 0 14
9 14 19 13 17 14 14 0
0 22 30 24 33
22 0 6 22 29
30 6 0 26 26
24 22 26 0 40
33 29 26 40 0
