10 10 250 24 76
13 11 29 12 25 6 16 10 5 27
37 36 41 27 50 17 59 36 18 64
23 38 46 19 47 27 58 41 17 49
73 79 103 35 120 40 97 76 35 135
53 82 92 44 131 40 170 75 33 130
15 17 29 10 32 8 30 19 10 35
43 54 76 17 92 32 78 47 34 92
20 23 39 9 52 17 58 38 22 59
9 14 20 11 35 7 32 19 7 20
18 30 31 10 52 9 39 26 17 39
14 35 32 72 69 16 43 27 15 25
0 6 14 7 6 19 3 7 19 7
6 0 12 8 2 17 5 2 17 2
14 12 0 9 12 8 14 11 8 11
7 8 9 0 9 13 8 9 14 8
6 2 12 9 0 17 5 2 17 3
19 17 8 13 17 0 19 17 2 16
3 5 14 8 5 19 0 5 19 6
7 2 11 9 2 17 5 0 17 2
19 17 8 14 17 2 19 17 0 16
7 2 11 8 3 16 6 2 16 0
0 16 12 10 13 13 16 15 12 12
16 0 16 16 19 14 11 18 16 16
12 16 0 12 15 13 17 17 11 11
10 16 12 0 13 13 16 15 11 12
13 19 15 13 0 17 19 16 15 16
13 14 13 13 17 0 13 15 13 13
16 11 17 16 19 13 0 16 16 16
15 18 17 15 16 15 16 0 16 17
12 16 11 11 15 13 16 16 0 11
12 16 11 12 16 13 16 17 11 0
