5 8 250 12 88
8 16 7 13 39 15 11 14
22 71 22 43 74 37 29 32
13 45 26 28 54 28 22 20
27 89 30 65 106 52 40 33
16 53 24 38 65 28 24 25
27 85 63 106 73
0 5 9 6 10
5 0 10 6 11
9 10 0 9 5
6 6 9 0 9
10 11 5 9 0
0 26 27 27 10 9 23 30
26 0 21 8 23 24 11 22
27 21 0 20 27 25 19 10
27 8 20 0 24 24 11 21
10 23 27 24 0 9 20 30
9 24 25 24 9 0 20 28
23 11 19 11 20 20 0 20
30 22 10 21 30 28 20 0
