6 5 250 12 88
16 11 13 19 35
59 59 31 68 105
48 35 13 55 68
60 64 38 68 111
65 65 44 58 107
28 30 20 34 47
24 76 52 76 76 40
0 4 3 17 3 18
4 0 4 18 4 19
3 4 0 17 3 18
17 18 17 0 18 4
3 4 3 18 0 19
18 19 18 4 19 0
0 18 9 20 13
18 0 16 14 18
9 16 0 17 11
20 14 17 0 16
13 18 11 16 0
