7 5 250 14 86
37 63 23 62 32
15 35 17 37 18
87 121 58 148 66
116 154 83 174 63
39 54 33 102 30
106 103 47 126 74
36 58 24 67 39
29 19 73 83 39 72 35
0 13 11 5 12 13 12
13 0 10 13 13 5 20
11 10 0 11 11 9 15
5 13 11 0 12 13 12
12 13 11 12 0 13 14
13 5 9 13 13 0 19
12 20 15 12 14 19 0
0 17 21 16 15
17 0 11 8 20
21 11 0 13 24
16 8 13 0 19
15 20 24 19 0
