9 10 250 14 86
22 34 9 14 21 11 20 19 7 11
55 99 65 57 118 33 76 76 52 41
20 52 31 16 45 27 28 57 21 27
26 67 38 31 67 24 34 42 28 36
40 59 25 33 50 28 37 50 28 26
47 89 45 33 76 31 42 61 35 33
18 34 16 18 38 14 12 36 9 11
10 30 14 11 20 13 14 17 10 13
12 40 24 18 32 12 20 31 15 16
21 78 37 44 39 56 23 18 23
0 9 10 11 9 9 9 9 9
9 0 7 7 8 10 7 5 10
10 7 0 7 8 9 5 8 9
11 7 7 0 9 11 7 7 11
9 8 8 9 0 7 7 8 7
9 10 9 11 7 0 9 10 5
9 7 5 7 7 9 0 7 9
9 5 8 7 8 10 7 0 10
9 10 9 11 7 5 9 10 0
0 8 28 9 32 31 10 30 31 32
8 0 29 9 32 31 10 31 31 32
28 29 0 26 23 24 25 9 26 11
9 9 26 0 31 30 9 28 31 30
32 32 23 31 0 9 29 22 10 21
31 31 24 30 9 0 28 23 9 22
10 10 25 9 29 28 0 27 28 28
30 31 9 28 22 23 27 0 25 9
31 31 26 31 10 9 28 25 0 24
32 32 11 30 21 22 28 9 24 0
