9 4 250 37 63
31 119 62 53
29 78 32 22
43 142 58 57
31 125 48 37
93 327 166 139
32 105 61 43
81 241 103 108
16 61 24 21
8 34 23 14
35 22 41 30 90 32 69 17 11
0 11 4 7 11 4 7 7 3
11 0 11 14 4 12 14 14 11
4 11 0 7 11 4 6 7 4
7 14 7 0 14 7 4 4 8
11 4 11 14 0 12 14 14 11
4 12 4 7 12 0 7 7 4
7 14 6 4 14 7 0 3 7
7 14 7 4 14 7 3 0 7
3 11 4 8 11 4 7 7 0
0 30 9 34
30 0 33 10
9 33 0 37
34 10 37 0
