4 8 250 86 14
37 84 75 65 59 51 37 29
84 170 194 135 93 104 67 66
98 175 195 113 93 97 62 69
71 164 159 83 97 99 66 63
47 92 108 87
0 20 14 2
20 0 2 4
14 2 0 15
2 4 15 0
0 34 27 33 29 6 17 7
34 0 16 7 31 33 26 31
27 16 0 15 24 26 24 24
33 7 15 0 31 33 27 31
29 31 24 31 0 28 29 27
6 33 26 33 28 0 15 7
17 26 24 27 29 15 0 15
7 31 24 31 27 7 15 0
