4 9 250 96 4
29 4 16 26 3 8 7 4 17
50 10 51 32 8 12 27 24 43
48 9 53 47 6 28 23 23 34
68 15 76 80 12 23 39 43 76
36 78 80 143
0 14 13 2
14 0 6 14
13 6 0 12
2 14 12 0
0 11 17 29 16 13 20 12 22
11 0 14 30 12 7 15 14 17
17 14 0 32 21 13 18 23 23
29 30 32 0 34 29 26 30 25
16 12 21 34 0 13 17 14 18
13 7 13 29 13 0 12 16 15
20 15 18 26 17 12 0 21 9
12 14 23 30 14 16 21 0 21
22 17 23 25 18 15 9 21 0
