5 9 250 23 77
71 69 45 34 55 59 45 37 23
76 69 39 45 49 60 39 43 18
116 97 71 63 98 109 75 55 27
70 72 58 40 53 60 53 44 27
115 94 71 51 84 101 70 54 32
58 57 94 61 84
0 10 10 11 15
10 0 5 6 10
10 5 0 5 9
11 6 5 0 8
15 10 9 8 0
0 11 11 8 14 10 9 10 8
11 0 8 11 16 13 11 13 11
11 8 0 11 16 13 10 13 11
8 11 11 0 14 10 9 10 8
14 16 16 14 0 14 15 14 13
10 13 13 10 14 0 11 8 10
9 11 10 9 15 11 0 11 9
10 13 13 10 14 8 11 0 10
8 11 11 8 13 10 9 10 0
