8 8 250 4 96
9 10 9 12 7 16 6 20
63 36 39 39 48 58 27 72
46 34 29 37 47 65 26 107
35 19 24 27 25 52 14 59
44 25 32 29 23 49 11 58
213 115 127 153 158 240 89 275
14 8 14 10 11 15 6 18
51 36 50 47 48 60 15 71
10 44 38 29 26 135 11 40
0 9 19 15 15 19 19 5
9 0 17 12 11 17 17 9
19 17 0 18 14 5 5 19
15 12 18 0 12 18 18 15
15 11 14 12 0 13 14 15
19 17 5 18 13 0 5 19
19 17 5 18 14 5 0 19
5 9 19 15 15 19 19 0
0 8 19 17 14 12 15 12
8 0 20 19 10 13 11 14
19 20 0 17 24 21 23 15
17 19 17 0 23 12 25 19
14 10 24 23 0 17 11 19
12 13 21 12 17 0 21 18
15 11 23 25 11 21 0 17
12 14 15 19 19 18 17 0
