7 9 250 61 39
56 28 21 92 21 34 25 14 27
131 62 71 195 37 75 45 31 44
95 55 66 184 38 80 56 29 39
101 49 50 145 33 62 27 27 39
72 58 58 155 31 43 33 38 35
205 122 127 386 106 182 83 76 97
49 34 35 112 23 52 37 15 25
24 50 48 38 39 97 30
0 13 14 14 13 13 13
13 0 5 9 6 6 7
14 5 0 10 8 5 9
14 9 10 0 11 9 12
13 6 8 11 0 9 4
13 6 5 9 9 0 9
13 7 9 12 4 9 0
0 18 17 25 9 9 18 24 25
18 0 15 18 19 19 9 17 18
17 15 0 19 18 18 16 18 20
25 18 19 0 26 26 19 9 9
9 19 18 26 0 9 18 25 27
9 19 18 26 9 0 18 25 26
18 9 16 19 18 18 0 18 19
24 17 18 9 25 25 18 0 9
25 18 20 9 27 26 19 9 0
