7 9 250 66 34
110 25 42 52 116 15 27 29 30
97 22 36 56 99 16 23 17 41
197 65 89 136 253 50 56 47 71
69 21 25 33 84 10 19 19 29
119 28 50 83 103 22 27 27 29
96 22 38 49 96 12 18 17 41
156 43 69 79 171 25 43 36 59
39 34 85 27 49 40 58
0 14 10 15 14 14 3
14 0 9 3 3 3 14
10 9 0 10 9 9 10
15 3 10 0 3 3 14
14 3 9 3 0 3 13
14 3 9 3 3 0 13
3 14 10 14 13 13 0
0 27 26 10 11 18 35 37 39
27 0 12 28 27 29 26 27 29
26 12 0 27 26 29 29 29 30
10 28 27 0 10 18 36 38 40
11 27 26 10 0 17 35 36 40
18 29 29 18 17 0 32 34 36
35 26 29 36 35 32 0 11 26
37 27 29 38 36 34 11 0 25
39 29 30 40 40 36 26 25 0
