5 6 250 34 66
115 164 104 123 86 148
85 125 81 88 87 85
190 224 156 153 143 185
69 65 61 62 47 51
140 226 122 131 122 137
76 47 109 31 77
0 5 5 14 5
5 0 5 14 5
5 5 0 14 5
14 14 14 0 14
5 5 5 14 0
0 16 14 9 13 15
16 0 16 19 17 6
14 16 0 16 7 15
9 19 16 0 15 19
13 17 7 15 0 16
15 6 15 19 16 0
