5 9 250 15 85
76 43 29 15 25 34 29 39 43
211 120 100 31 70 52 66 101 72
144 84 87 23 46 48 65 65 68
250 151 109 42 75 72 97 93 99
172 114 89 34 51 51 64 74 63
30 84 56 86 69
0 13 14 5 13
13 0 18 13 3
14 18 0 17 18
5 13 17 0 13
13 3 18 13 0
0 26 36 23 24 35 28 35 25
26 0 26 13 14 26 7 26 7
36 26 0 21 19 6 27 6 26
23 13 21 0 7 21 15 20 12
24 14 19 7 0 19 15 19 13
35 26 6 21 19 0 27 6 26
28 7 27 15 15 27 0 27 9
35 26 6 20 19 6 27 0 26
25 7 26 12 13 26 9 26 0
