7 10 250 17 83
51 40 50 18 16 26 38 36 29 14
139 124 223 70 43 62 171 121 106 66
90 65 121 43 27 46 101 78 63 42
33 41 44 16 11 15 28 23 24 15
30 30 56 16 12 20 43 46 35 14
49 46 72 22 16 20 64 41 31 16
75 72 111 40 15 34 101 86 67 35
31 94 63 23 31 38 64
0 11 13 14 7 14 12
11 0 9 11 8 11 7
13 9 0 5 11 8 5
14 11 5 0 13 7 7
7 8 11 13 0 12 10
14 11 8 7 12 0 10
12 7 5 7 10 10 0
0 13 16 14 31 8 14 31 7 31
13 0 16 8 28 14 17 28 13 29
16 16 0 15 24 16 12 24 16 24
14 8 15 0 27 15 17 28 15 28
31 28 24 27 0 30 29 7 30 7
8 14 16 15 30 0 13 30 7 30
14 17 12 17 29 13 0 29 14 29
31 28 24 28 7 30 29 0 30 7
7 13 16 15 30 7 14 30 0 31
31 29 24 28 7 30 29 7 31 0
