6 5 250 5 95
133 103 138 50 108
103 103 146 43 110
223 202 282 106 199
165 177 220 75 206
96 95 122 30 112
329 312 375 133 342
36 35 73 61 32 101
0 13 18 12 18 4
13 0 16 4 16 14
18 16 0 15 4 19
12 4 15 0 15 13
18 16 4 15 0 19
4 14 19 13 19 0
0 18 18 19 18
18 0 12 12 10
18 12 0 10 11
19 12 10 0 12
18 10 11 12 0
