7 7 250 11 89
37 25 39 78 37 38 42
33 11 35 54 36 20 29
46 38 55 96 50 49 46
31 19 37 59 27 27 20
77 57 86 132 85 77 72
52 40 45 114 66 62 47
70 61 83 143 75 78 68
35 25 50 28 77 59 79
0 11 11 11 3 11 11
11 0 3 3 11 3 3
11 3 0 2 11 2 2
11 3 2 0 11 2 3
3 11 11 11 0 11 10
11 3 2 2 11 0 2
11 3 2 3 10 2 0
0 40 25 35 35 35 39
40 0 27 23 22 22 7
25 27 0 16 16 16 25
35 23 16 0 6 7 21
35 22 16 6 0 6 20
35 22 16 7 6 0 20
39 7 25 21 20 20 0
