9 6 250 14 86
11 27 27 7 15 12
26 42 52 9 33 22
34 84 71 17 54 12
31 109 114 24 70 32
18 54 54 13 27 12
23 57 75 16 40 19
32 111 106 23 47 30
43 106 97 14 44 26
80 154 178 51 129 60
12 21 33 47 24 31 45 42 89
0 6 5 10 13 10 6 5 11
6 0 6 10 12 10 5 6 11
5 6 0 10 13 10 6 5 11
10 10 10 0 12 5 10 10 12
13 12 13 12 0 12 12 13 16
10 10 10 5 12 0 10 10 12
6 5 6 10 12 10 0 6 10
5 6 5 10 13 10 6 0 10
11 11 11 12 16 12 10 10 0
0 10 10 8 13 20
10 0 7 12 13 21
10 7 0 14 16 24
8 12 14 0 11 17
13 13 16 11 0 21
20 21 24 17 21 0
