9 7 250 30 70
19 6 11 9 19 23 3
65 12 35 30 45 46 10
68 19 40 31 63 52 9
39 27 20 23 55 44 9
37 9 15 27 50 39 5
63 15 31 27 59 71 15
82 24 39 32 56 71 7
54 10 23 26 45 44 8
69 26 37 36 68 73 10
15 42 47 32 30 47 51 32 52
0 5 5 2 7 7 10 5 6
5 0 3 5 3 4 14 3 3
5 3 0 5 3 4 14 2 2
2 5 5 0 6 7 10 4 5
7 3 3 6 0 2 15 3 2
7 4 4 7 2 0 16 4 3
10 14 14 10 15 16 0 13 15
5 3 2 4 3 4 13 0 2
6 3 2 5 2 3 15 2 0
0 19 9 16 35 19 35
19 0 20 19 28 9 29
9 20 0 17 36 20 36
16 19 17 0 34 20 34
35 28 36 34 0 28 10
19 9 20 20 28 0 30
35 29 36 34 10 30 0
