9 5 250 34 66
38 31 39 17 15
159 118 161 53 73
76 57 66 37 34
39 23 44 23 14
31 33 37 18 18
131 87 128 38 54
47 48 45 22 23
66 47 63 36 40
75 57 69 29 26
21 74 41 19 19 56 29 34 36
0 16 12 11 14 13 8 16 15
16 0 14 15 12 13 18 5 10
12 14 0 17 15 14 16 14 12
11 15 17 0 10 10 10 15 17
14 12 15 10 0 6 15 12 16
13 13 14 10 6 0 14 13 16
8 18 16 10 15 14 0 18 17
16 5 14 15 12 13 18 0 10
15 10 12 17 16 16 17 10 0
0 37 10 10 10
37 0 39 39 39
10 39 0 12 9
10 39 12 0 11
10 39 9 11 0
