5 7 250 7 93
72 115 53 132 202 267 105
67 153 63 139 241 312 116
102 175 55 148 273 368 132
58 99 42 82 140 210 78
63 104 33 94 167 243 65
73 74 85 52 58
0 5 9 9 9
5 0 9 9 9
9 9 0 11 5
9 9 11 0 11
9 9 5 11 0
0 26 22 17 21 24 25
26 0 16 17 12 11 10
22 16 0 11 13 17 17
17 17 11 0 12 17 17
21 12 13 12 0 10 15
24 11 17 17 10 0 14
25 10 17 17 15 14 0
