6 10 250 33 67
32 39 20 18 53 42 15 25 18 28
92 96 86 44 147 107 31 105 69 90
141 155 144 63 222 135 72 143 99 116
43 73 40 23 94 55 12 45 36 47
71 77 60 31 109 76 31 66 40 64
66 74 45 26 112 76 30 84 67 47
22 67 112 35 51 56
0 3 5 18 3 16
3 0 5 18 3 16
5 5 0 20 5 19
18 18 20 0 18 4
3 3 5 18 0 16
16 16 19 4 16 0
0 10 7 13 17 20 10 21 27 18
10 0 11 18 22 23 13 22 28 22
7 11 0 13 17 22 12 20 29 18
13 18 13 0 11 23 18 15 25 11
17 22 17 11 0 19 20 19 24 11
20 23 22 23 19 0 19 29 22 22
10 13 12 18 20 19 0 26 31 22
21 22 20 15 19 29 26 0 22 13
27 28 29 25 24 22 31 22 0 21
18 22 18 11 11 22 22 13 21 0
