6 9 250 66 34
25 7 16 23 10 14 16 17 20
26 10 18 46 18 22 28 35 30
37 14 37 37 18 24 32 61 36
9 9 14 10 11 11 6 28 24
15 6 7 10 3 6 9 13 7
21 13 24 23 9 11 22 36 24
45 77 94 40 26 60
0 5 16 16 16 18
5 0 16 17 16 18
16 16 0 5 5 18
16 17 5 0 5 17
16 16 5 5 0 17
18 18 18 17 17 0
0 28 20 15 7 20 18 27 20
28 0 19 23 28 19 16 7 19
20 19 0 14 20 7 16 18 7
15 23 14 0 14 14 15 22 14
7 28 20 14 0 20 19 28 20
20 19 7 14 20 0 16 18 7
18 16 16 15 19 16 0 16 16
27 7 18 22 28 18 16 0 18
20 19 7 14 20 7 16 18 0
