7 8 250 14 86
49 11 24 24 7 23 32 13
14 5 7 9 3 6 13 4
63 30 38 36 8 34 44 19
40 20 19 22 5 22 36 7
89 35 54 59 14 53 66 16
48 23 23 33 13 32 41 8
131 44 83 80 27 75 101 35
34 12 48 30 68 38 97
0 5 17 8 8 5 17
5 0 17 8 8 4 17
17 17 0 20 20 17 5
8 8 20 0 4 7 20
8 8 20 4 0 7 19
5 4 17 7 7 0 17
17 17 5 20 19 17 0
0 21 9 22 15 22 10 22
21 0 20 10 16 19 21 20
9 20 0 21 15 21 9 22
22 10 21 0 17 19 22 20
15 16 15 17 0 22 16 22
22 19 21 19 22 0 21 9
10 21 9 22 16 21 0 21
22 20 22 20 22 9 21 0
