9 7 250 21 79
24 75 20 41 24 78 26
42 107 31 55 29 117 37
100 258 69 175 72 268 72
91 223 60 145 77 249 72
27 80 22 55 28 120 25
56 125 44 74 26 119 42
33 86 22 68 30 122 37
49 139 39 82 43 155 31
44 129 35 85 34 157 37
20 31 71 65 23 33 31 41 38
0 13 17 12 20 17 17 16 16
13 0 13 5 10 13 13 10 9
17 13 0 10 18 3 3 10 11
12 5 10 0 13 11 11 10 10
20 10 18 13 0 18 19 12 11
17 13 3 11 18 0 3 9 10
17 13 3 11 19 3 0 10 11
16 10 10 10 12 9 10 0 3
16 9 11 10 11 10 11 3 0
0 17 7 26 23 25 22
17 0 19 35 31 32 31
7 19 0 25 22 24 21
26 35 25 0 9 7 8
23 31 22 9 0 6 9
25 32 24 7 6 0 8
22 31 21 8 9 8 0
