10 5 250 10 90
71 46 28 4 49
74 86 47 7 69
135 130 54 12 96
326 299 142 30 249
37 48 21 3 37
193 196 79 26 172
82 95 38 10 64
78 79 39 6 59
129 148 63 13 109
137 139 63 18 127
17 25 36 76 11 51 25 23 40 37
0 14 16 13 15 15 4 15 4 17
14 0 5 4 4 5 16 5 15 6
16 5 0 5 4 3 17 3 16 3
13 4 5 0 5 5 15 5 13 6
15 4 4 5 0 3 16 3 15 4
15 5 3 5 3 0 17 2 16 3
4 16 17 15 16 17 0 17 4 18
15 5 3 5 3 2 17 0 16 3
4 15 16 13 15 16 4 16 0 17
17 6 3 6 4 3 18 3 17 0
0 9 25 6 21
9 0 22 8 21
25 22 0 25 12
6 8 25 0 22
21 21 12 22 0
