7 5 250 5 95
71 87 15 46 46
77 102 24 41 56
156 200 40 65 128
127 138 27 49 89
91 120 29 42 62
57 74 12 25 48
63 62 14 31 36
40 40 78 56 46 34 31
0 4 3 13 10 12 3
4 0 3 11 11 11 3
3 3 0 12 10 12 3
13 11 12 0 17 2 13
10 11 10 17 0 17 10
12 11 12 2 17 0 13
3 3 3 13 10 13 0
0 16 15 13 16
16 0 7 12 10
15 7 0 11 8
13 12 11 0 9
16 10 8 9 0
