7 10 250 4 96
44 86 45 34 27 88 52 46 31 47
50 107 55 54 39 162 35 60 55 61
79 186 91 91 63 210 57 74 62 84
32 80 48 29 28 107 28 35 26 36
22 49 26 20 19 51 20 31 16 34
36 79 50 54 29 118 38 37 35 55
52 97 61 36 38 125 45 54 41 71
46 59 83 34 23 40 48
0 4 3 9 9 3 15
4 0 4 10 10 3 15
3 4 0 9 9 3 15
9 10 9 0 3 9 19
9 10 9 3 0 9 20
3 3 3 9 9 0 15
15 15 15 19 20 15 0
0 22 22 19 18 10 16 16 21 18
22 0 11 18 17 22 16 16 11 17
22 11 0 18 17 22 16 16 10 17
19 18 18 0 10 19 14 14 17 11
18 17 17 10 0 18 14 14 17 10
10 22 22 19 18 0 16 16 21 18
16 16 16 14 14 16 0 10 16 14
16 16 16 14 14 16 10 0 16 14
21 11 10 17 17 21 16 16 0 17
18 17 17 11 10 18 14 14 17 0
