9 6 250 77 23
44 17 15 12 13 19
74 31 16 28 15 27
90 34 18 34 25 32
121 44 31 35 28 39
64 32 16 28 20 29
36 17 10 12 13 7
68 31 14 18 19 27
21 11 7 14 7 12
55 21 19 20 20 21
27 45 54 72 41 22 42 15 35
0 20 17 4 11 19 12 7 20
20 0 11 20 18 4 11 16 4
17 11 0 17 12 11 9 13 11
4 20 17 0 12 20 13 8 20
11 18 12 12 0 18 10 9 18
19 4 11 20 18 0 11 16 4
12 11 9 13 10 11 0 8 12
7 16 13 8 9 16 8 0 16
20 4 11 20 18 4 12 16 0
0 31 30 9 9 36
31 0 11 31 30 37
30 11 0 30 29 34
9 31 30 0 9 36
9 30 29 9 0 36
36 37 34 36 36 0
