8 8 250 8 92
56 37 133 61 9 30 46 51
52 58 139 85 19 31 60 88
86 46 178 106 31 39 74 94
18 16 40 17 5 7 17 19
40 26 87 47 10 14 36 46
30 13 74 40 9 23 24 46
126 87 339 163 35 72 128 159
53 55 139 88 18 39 58 73
37 48 62 11 26 22 103 43
0 6 11 7 8 10 11 12
6 0 6 4 7 3 7 7
11 6 0 10 5 6 6 3
7 4 10 0 10 5 9 12
8 7 5 10 0 9 4 8
10 3 6 5 9 0 8 7
11 7 6 9 4 8 0 10
12 7 3 12 8 7 10 0
0 32 26 24 8 21 33 23
32 0 19 23 34 26 8 25
26 19 0 18 27 16 18 20
24 23 18 0 24 15 23 9
8 34 27 24 0 22 35 23
21 26 16 15 22 0 26 15
33 8 18 23 35 26 0 25
23 25 20 9 23 15 25 0
