5 9 250 18 82
15 17 48 10 8 13 8 54 13
9 23 44 19 8 25 14 59 6
21 33 51 27 16 40 15 71 10
13 22 56 17 10 18 15 58 9
29 41 114 46 14 55 24 157 13
48 47 64 57 116
0 12 12 5 13
12 0 5 11 15
12 5 0 12 14
5 11 12 0 13
13 15 14 13 0
0 13 14 14 13 15 19 10 12
13 0 7 7 14 8 14 9 14
14 7 0 6 14 6 16 10 13
14 7 6 0 15 6 15 10 15
13 14 14 15 0 14 22 14 6
15 8 6 6 14 0 16 11 14
19 14 16 15 22 16 0 14 22
10 9 10 10 14 11 14 0 14
12 14 13 15 6 14 22 14 0
