6 8 250 65 35
70 50 36 9 27 8 16 22
112 103 72 20 70 21 42 39
116 91 59 13 49 25 29 32
38 33 28 6 17 4 16 17
28 35 12 7 27 5 17 11
69 54 33 10 25 8 19 27
48 101 93 33 31 54
0 17 17 19 3 17
17 0 2 6 15 2
17 2 0 5 16 2
19 6 5 0 18 6
3 15 16 18 0 16
17 2 2 6 16 0
0 24 21 21 17 20 17 17
24 0 23 23 21 20 28 28
21 23 0 16 16 18 25 26
21 23 16 0 14 23 28 28
17 21 16 14 0 20 24 24
20 20 18 23 20 0 21 22
17 28 25 28 24 21 0 10
17 28 26 28 24 22 10 0
