6 8 250 57 43
39 81 101 39 98 87 96 37
81 181 190 56 193 226 199 87
98 170 193 56 213 266 202 114
27 81 65 26 63 77 94 39
30 80 66 40 76 94 73 35
35 74 68 22 79 98 67 32
41 97 89 33 41 36
0 2 2 9 9 9
2 0 2 9 9 8
2 2 0 9 9 9
9 9 9 0 2 13
9 9 9 2 0 13
9 8 9 13 13 0
0 10 10 22 16 11 16 22
10 0 10 22 16 11 16 21
10 10 0 21 16 11 15 21
22 22 21 0 24 20 19 9
16 16 16 24 0 17 17 24
11 11 11 20 17 0 14 20
16 16 15 19 17 14 0 19
22 21 21 9 24 20 19 0
