9 4 250 2 98
87 28 52 56
90 25 56 63
200 58 116 154
449 102 257 305
64 13 30 48
249 56 152 142
79 17 47 58
173 61 110 134
170 34 101 125
21 22 43 102 13 57 16 41 35
0 12 2 2 3 11 10 14 11
12 0 12 12 12 2 9 12 2
2 12 0 3 2 12 10 14 11
2 12 3 0 3 11 10 14 11
3 12 2 3 0 11 10 14 11
11 2 12 11 11 0 9 12 2
10 9 10 10 10 9 0 18 8
14 12 14 14 14 12 18 0 12
11 2 11 11 11 2 8 12 0
0 7 17 17
7 0 17 17
17 17 0 6
17 17 6 0
