5 6 250 39 61
11 22 36 18 31 21
17 23 46 21 40 35
33 44 85 54 63 51
55 73 124 76 109 72
28 47 67 35 52 39
37 39 87 117 65
0 15 17 16 6
15 0 9 5 16
17 9 0 9 17
16 5 9 0 16
6 16 17 16 0
0 18 18 6 19 17
18 0 25 17 6 24
18 25 0 17 26 6
6 17 17 0 18 17
19 6 26 18 0 25
17 24 6 17 25 0
