9 9 250 17 83
16 28 16 16 20 32 31 28 14
76 144 66 65 87 136 123 142 61
68 107 53 39 76 107 99 105 32
39 32 25 30 37 39 43 43 22
44 82 56 59 61 70 76 104 36
63 97 63 54 71 119 94 135 42
37 51 37 29 30 57 52 53 23
35 51 32 33 38 58 44 72 32
66 115 57 80 69 107 110 129 44
13 66 48 24 42 56 26 28 53
0 5 17 12 13 6 5 19 18
5 0 17 13 12 6 6 19 18
17 17 0 15 17 17 17 11 5
12 13 15 0 16 13 12 19 15
13 12 17 16 0 12 13 16 17
6 6 17 13 12 0 5 18 17
5 6 17 12 13 5 0 18 17
19 19 11 19 16 18 18 0 11
18 18 5 15 17 17 17 11 0
0 6 6 6 6 21 20 6 6
6 0 6 6 6 21 21 6 6
6 6 0 6 6 21 21 6 6
6 6 6 0 6 21 21 6 6
6 6 6 6 0 21 20 7 6
21 21 21 21 21 0 6 22 21
20 21 21 21 20 6 0 21 21
6 6 6 6 7 22 21 0 6
6 6 6 6 6 21 21 6 0
