6 10 250 1 99
87 48 17 51 50 36 32 17 54 46
79 48 34 48 55 44 44 23 62 49
165 111 42 102 113 92 79 44 109 106
111 49 27 57 66 50 41 25 72 59
288 147 73 162 198 157 141 67 183 173
134 82 35 91 88 61 70 35 103 82
34 31 72 37 102 59
0 12 12 11 3 3
12 0 3 3 12 12
12 3 0 3 12 11
11 3 3 0 12 11
3 12 12 12 0 3
3 12 11 11 3 0
0 19 18 19 24 21 19 20 22 20
19 0 11 10 24 21 17 11 23 18
18 11 0 11 25 20 15 11 22 20
19 10 11 0 25 22 17 11 24 19
24 24 25 25 0 25 30 26 25 15
21 21 20 22 25 0 20 21 11 21
19 17 15 17 30 20 0 15 22 24
20 11 11 11 26 21 15 0 22 20
22 23 22 24 25 11 22 22 0 22
20 18 20 19 15 21 24 20 22 0
