7 5 250 17 83
25 38 21 56 69
39 70 69 97 141
50 73 68 125 178
92 126 134 163 293
71 130 145 199 320
77 93 87 153 229
57 98 89 138 229
17 39 43 71 66 58 55
0 12 12 2 12 12 12
12 0 11 13 2 2 10
12 11 0 12 9 11 2
2 13 12 0 13 13 12
12 2 9 13 0 3 9
12 2 11 13 3 0 10
12 10 2 12 9 10 0
0 12 21 22 8
12 0 14 14 12
21 14 0 21 22
22 14 21 0 17
8 12 22 17 0
