8 9 250 68 32
29 33 18 21 11 25 35 11 18
36 44 28 38 20 54 33 22 21
56 37 28 35 28 49 37 26 21
24 21 19 16 10 26 15 8 16
36 32 20 19 15 31 34 11 18
111 103 65 76 60 108 67 51 58
53 50 28 49 30 37 40 24 24
36 37 33 31 15 30 36 24 26
29 38 47 22 29 87 48 40
0 11 5 3 3 11 4 5
11 0 13 12 12 8 13 13
5 13 0 4 4 13 3 3
3 12 4 0 3 12 4 4
3 12 4 3 0 11 4 4
11 8 13 12 11 0 13 13
4 13 3 4 4 13 0 3
5 13 3 4 4 13 3 0
0 20 25 9 29 22 10 25 10
20 0 33 19 31 28 19 23 19
25 33 0 25 28 16 26 25 25
9 19 25 0 29 22 9 24 10
29 31 28 29 0 30 29 26 29
22 28 16 22 30 0 22 22 21
10 19 26 9 29 22 0 25 10
25 23 25 24 26 22 25 0 24
10 19 25 10 29 21 10 24 0
