7 5 250 71 29
25 69 111 14 18
138 276 460 52 86
95 203 351 49 64
73 123 200 25 41
87 151 271 43 54
108 179 343 49 70
86 240 386 24 64
19 67 52 36 42 61 59
0 14 13 4 2 15 5
14 0 2 12 13 2 13
13 2 0 11 12 3 12
4 12 11 0 2 13 3
2 13 12 2 0 14 4
15 2 3 13 14 0 14
5 13 12 3 4 14 0
0 17 17 15 8
17 0 9 11 17
17 9 0 12 18
15 11 12 0 16
8 17 18 16 0
