5 10 250 18 82
39 14 81 27 48 14 11 105 71 60
62 28 87 44 52 19 22 151 77 75
45 20 116 33 49 22 29 172 84 81
85 33 144 51 68 21 27 183 83 110
53 15 84 46 43 20 17 140 77 63
57 74 73 98 62
0 4 4 13 3
4 0 4 12 4
4 4 0 12 5
13 12 12 0 14
3 4 5 14 0
0 11 10 16 10 15 12 14 11 8
11 0 8 11 8 10 8 9 7 8
10 8 0 13 8 10 10 9 8 7
16 11 13 0 11 12 9 10 10 13
10 8 8 11 0 12 8 10 7 8
15 10 10 12 12 0 11 8 10 12
12 8 10 9 8 11 0 9 7 10
14 9 9 10 10 8 9 0 9 11
11 7 8 10 7 10 7 9 0 8
8 8 7 13 8 12 10 11 8 0
