4 10 250 12 88
25 21 17 8 8 22 30 22 16 11
53 50 27 19 18 25 53 29 33 18
55 42 30 15 16 35 68 23 37 17
49 46 20 17 12 38 50 33 33 25
53 97 94 86
0 5 18 2
5 0 13 3
18 13 0 17
2 3 17 0
0 20 30 30 19 16 22 30 30 11
20 0 36 36 11 20 31 36 36 21
30 36 0 10 36 27 27 11 10 30
30 36 10 0 36 26 27 11 11 30
19 11 36 36 0 19 30 36 35 20
16 20 27 26 19 0 23 27 26 17
22 31 27 27 30 23 0 27 27 21
30 36 11 11 36 27 27 0 11 30
30 36 10 11 35 26 27 11 0 30
11 21 30 30 20 17 21 30 30 0
