7 6 250 4 96
30 41 15 14 15 91
19 14 9 5 7 43
52 61 43 22 23 155
67 64 46 20 26 160
40 37 13 14 19 86
26 24 16 6 12 63
17 18 12 5 11 46
48 21 86 89 42 33 23
0 10 9 8 10 13 9
10 0 11 10 4 14 11
9 11 0 5 11 11 4
8 10 5 0 9 12 5
10 4 11 9 0 14 11
13 14 11 12 14 0 11
9 11 4 5 11 11 0
0 12 27 34 33 34
12 0 29 38 37 38
27 29 0 30 28 28
34 38 30 0 10 10
33 37 28 10 0 10
34 38 28 10 10 0
