8 10 250 7 93
13 22 15 17 30 22 2 22 23 8
14 25 35 19 49 26 16 16 19 16
17 38 47 31 68 30 16 32 24 11
16 39 42 27 60 34 15 27 27 12
20 8 12 9 35 15 9 15 11 8
30 18 29 24 62 33 11 13 24 13
42 44 41 25 78 43 17 35 37 19
19 28 26 11 51 31 9 22 17 7
29 44 50 46 25 42 60 39
0 7 10 12 7 9 3 6
7 0 10 16 9 7 5 4
10 10 0 11 7 3 9 6
12 16 11 0 7 12 13 13
7 9 7 7 0 6 7 7
9 7 3 12 6 0 7 4
3 5 9 13 7 7 0 4
6 4 6 13 7 4 4 0
0 36 11 35 35 22 34 37 37 25
36 0 37 22 22 31 23 11 11 22
11 37 0 36 36 24 35 38 39 26
35 22 36 0 10 31 11 23 24 24
35 22 36 10 0 32 10 23 24 24
22 31 24 31 32 0 32 33 33 27
34 23 35 11 10 32 0 24 25 23
37 11 38 23 23 33 24 0 10 22
37 11 39 24 24 33 25 10 0 23
25 22 26 24 24 27 23 22 23 0
