8 7 250 85 15
31 9 39 30 80 22 12
71 34 65 79 158 53 21
102 54 105 103 231 74 49
13 6 10 9 35 10 4
24 7 19 20 46 17 6
23 11 31 34 60 22 9
94 28 94 78 233 78 32
71 35 101 116 220 69 34
25 57 81 10 16 23 66 65
0 5 5 5 12 4 13 12
5 0 4 5 12 5 13 13
5 4 0 5 12 5 13 12
5 5 5 0 12 4 12 12
12 12 12 12 0 12 5 5
4 5 5 4 12 0 12 12
13 13 13 12 5 12 0 4
12 13 12 12 5 12 4 0
0 21 17 21 19 21 22
21 0 21 6 15 9 7
17 21 0 22 22 23 22
21 6 22 0 16 10 8
19 15 22 16 0 12 14
21 9 23 10 12 0 8
22 7 22 8 14 8 0
