7 9 250 8 92
18 23 20 23 17 19 40 22 29
32 30 19 15 34 25 60 28 34
47 47 53 59 36 52 106 48 95
63 100 76 87 67 86 135 78 123
30 47 51 33 35 42 76 38 52
34 52 39 32 35 41 59 40 61
33 53 42 49 54 41 97 65 81
24 30 60 97 42 41 59
0 4 5 6 9 5 6
4 0 5 7 10 5 7
5 5 0 6 11 4 7
6 7 6 0 9 7 4
9 10 11 9 0 11 8
5 5 4 7 11 0 8
6 7 7 4 8 8 0
0 24 23 20 20 9 23 24 24
24 0 9 18 18 25 10 20 9
23 9 0 17 17 24 9 19 10
20 18 17 0 9 21 17 16 17
20 18 17 9 0 21 17 17 18
9 25 24 21 21 0 24 25 25
23 10 9 17 17 24 0 18 10
24 20 19 16 17 25 18 0 19
24 9 10 17 18 25 10 19 0
