6 10 250 20 80
42 32 47 60 65 122 33 46 42 22
38 56 75 72 89 162 35 65 44 28
80 74 123 101 162 227 63 68 91 49
80 85 136 103 140 255 59 89 84 41
41 42 51 59 55 123 38 35 34 25
52 50 75 60 86 144 62 46 58 28
36 54 80 86 42 53
0 9 16 8 15 8
9 0 10 2 9 2
16 10 0 10 4 11
8 2 10 0 9 2
15 9 4 9 0 10
8 2 11 2 10 0
0 16 26 23 19 18 19 18 19 7
16 0 27 35 19 28 31 16 23 16
26 27 0 37 20 37 32 36 15 24
23 35 37 0 30 15 9 37 32 25
19 19 20 30 0 28 25 30 24 19
18 28 37 15 28 0 14 27 31 21
19 31 32 9 25 14 0 34 29 22
18 16 36 37 30 27 34 0 27 18
19 23 15 32 24 31 29 27 0 16
7 16 24 25 19 21 22 18 16 0
