8 10 250 20 80
24 22 9 64 12 47 37 22 25 59
78 59 40 153 20 95 84 31 38 128
147 98 57 285 42 175 135 51 90 245
31 19 15 87 8 55 45 20 18 71
44 32 24 90 15 51 53 17 21 67
22 11 12 48 6 22 15 6 17 39
46 26 16 89 13 56 41 14 23 56
49 35 11 99 11 68 47 14 18 84
24 61 99 31 34 15 33 34
0 13 15 15 4 12 12 14
13 0 10 10 13 7 7 10
15 10 0 4 15 9 9 7
15 10 4 0 15 9 9 7
4 13 15 15 0 12 12 13
12 7 9 9 12 0 4 6
12 7 9 9 12 4 0 7
14 10 7 7 13 6 7 0
0 10 10 16 10 16 10 16 10 16
10 0 10 16 10 16 10 16 10 16
10 10 0 16 10 17 10 16 10 16
16 16 16 0 16 10 16 11 16 10
10 10 10 16 0 16 10 16 10 16
16 16 17 10 16 0 16 11 16 10
10 10 10 16 10 16 0 16 10 16
16 16 16 11 16 11 16 0 16 11
10 10 10 16 10 16 10 16 0 16
16 16 16 10 16 10 16 11 16 0
