4 8 250 35 65
43 89 153 119 113 43 57 48
39 101 142 129 90 49 63 42
108 189 345 299 239 98 112 92
161 280 467 473 295 160 169 142
48 50 108 157
0 3 3 13
3 0 3 13
3 3 0 13
13 13 13 0
0 11 15 36 13 33 10 8
11 0 19 31 15 32 10 9
15 19 0 27 7 21 17 12
36 31 27 0 28 15 35 31
13 15 7 28 0 23 11 8
33 32 21 15 23 0 32 28
10 10 17 35 11 32 0 7
8 9 12 31 8 28 7 0
