4 9 250 37 63
104 150 77 109 45 113 76 86 27
100 126 65 95 50 118 55 86 16
156 198 80 152 47 141 69 98 34
37 62 18 33 10 37 18 26 8
108 97 109 33
0 14 20 14
14 0 16 4
20 16 0 16
14 4 16 0
0 8 14 18 8 8 18 8 14
8 0 13 17 8 8 18 8 13
14 13 0 13 13 13 13 13 8
18 17 13 0 18 18 8 18 12
8 8 13 18 0 8 18 8 13
8 8 13 18 8 0 18 8 13
18 18 13 8 18 18 0 18 13
8 8 13 18 8 8 18 0 14
14 13 8 12 13 13 13 14 0
