5 8 250 16 84
55 90 59 80 120 19 75 70
84 127 73 115 166 19 115 113
108 143 105 158 223 40 144 109
83 113 79 123 142 24 118 117
39 87 56 75 116 15 66 58
57 69 89 66 48
0 4 4 4 13
4 0 4 4 13
4 4 0 4 14
4 4 4 0 13
13 13 14 13 0
0 10 32 9 34 10 10 36
10 0 31 9 33 10 9 35
32 31 0 31 10 31 32 25
9 9 31 0 33 10 10 35
34 33 10 33 0 33 33 26
10 10 31 10 33 0 10 34
10 9 32 10 33 10 0 36
36 35 25 35 26 34 36 0
