9 10 250 20 80
5 7 24 13 16 19 26 5 18 9
13 26 70 35 46 55 77 19 76 34
19 35 68 48 50 60 81 24 69 44
10 17 53 26 32 47 52 15 45 21
21 28 87 60 65 74 102 32 120 34
15 9 47 32 37 44 58 14 53 19
12 17 44 29 29 35 53 14 45 17
9 8 29 18 17 24 40 5 21 14
9 18 34 26 20 29 43 11 41 21
15 44 54 33 65 33 32 19 25
0 4 13 12 13 12 11 13 12
4 0 13 13 14 12 11 13 13
13 13 0 4 4 16 13 4 16
12 13 4 0 4 15 13 4 15
13 14 4 4 0 16 14 4 16
12 12 16 15 16 0 18 15 5
11 11 13 13 14 18 0 13 18
13 13 4 4 4 15 13 0 15
12 13 16 15 16 5 18 15 0
0 10 27 25 28 28 30 11 31 25
10 0 27 25 28 28 30 10 31 25
27 27 0 36 11 30 26 28 25 19
25 25 36 0 36 19 30 24 32 28
28 28 11 36 0 30 25 28 24 18
28 28 30 19 30 0 23 27 24 21
30 30 26 30 25 23 0 30 12 21
11 10 28 24 28 27 30 0 31 25
31 31 25 32 24 24 12 31 0 21
25 25 19 28 18 21 21 25 21 0
