9 8 250 5 95
20 13 8 17 15 11 8 17
90 45 56 62 32 104 36 81
32 19 22 45 20 29 17 31
25 11 20 25 13 34 13 28
41 32 21 37 28 40 20 52
57 33 32 38 37 59 28 55
36 25 21 28 23 29 15 45
53 24 23 33 27 38 19 41
22 10 8 19 18 24 12 29
17 79 31 25 43 51 33 39 20
0 7 11 13 7 3 11 8 3
7 0 8 10 5 7 11 10 7
11 8 0 5 7 11 7 10 11
13 10 5 0 9 14 9 13 13
7 5 7 9 0 7 9 9 6
3 7 11 14 7 0 11 8 3
11 11 7 9 9 11 0 7 10
8 10 10 13 9 8 7 0 8
3 7 11 13 6 3 10 8 0
0 37 14 26 8 26 7 8
37 0 33 26 39 25 38 38
14 33 0 20 16 20 15 16
26 26 20 0 28 7 27 28
8 39 16 28 0 27 8 7
26 25 20 7 27 0 26 27
7 38 15 27 8 26 0 8
8 38 16 28 7 27 8 0
