5 9 250 4 96
14 22 14 23 21 7 13 13 31
58 47 23 64 64 17 32 25 77
37 33 29 42 42 16 18 14 49
20 10 9 27 21 8 7 11 33
12 12 7 25 10 4 8 9 20
44 119 93 47 30
0 16 18 10 7
16 0 3 9 6
18 3 0 8 13
10 9 8 0 8
7 6 13 8 0
0 25 18 18 25 23 8 19 18
25 0 16 17 7 9 24 15 17
18 16 0 7 15 14 17 7 7
18 17 7 0 16 15 18 8 7
25 7 15 16 0 8 24 14 16
23 9 14 15 8 0 22 13 14
8 24 17 18 24 22 0 18 18
19 15 7 8 14 13 18 0 8
18 17 7 7 16 14 18 8 0
