10 10 250 17 83
37 9 9 60 26 22 18 27 15 18
104 23 20 74 52 44 33 59 40 34
107 38 26 98 75 56 42 52 33 44
80 17 13 78 40 36 24 54 47 32
52 12 21 62 34 30 20 38 20 16
39 17 7 43 31 20 21 12 20 33
27 10 12 36 22 22 14 24 16 14
39 12 13 44 25 22 10 24 20 19
41 10 8 23 22 13 16 18 13 18
15 10 7 12 14 10 9 10 9 11
29 60 59 52 32 27 22 27 22 11
0 5 16 17 15 18 18 4 17 17
5 0 16 17 15 18 18 5 17 17
16 16 0 17 5 18 15 16 6 6
17 17 17 0 16 6 15 18 17 17
15 15 5 16 0 17 14 15 6 6
18 18 18 6 17 0 14 19 17 17
18 18 15 15 14 14 0 18 14 15
4 5 16 18 15 19 18 0 17 17
17 17 6 17 6 17 14 17 0 5
17 17 6 17 6 17 15 17 5 0
0 26 11 11 26 16 11 22 29 16
26 0 25 25 11 24 25 25 19 23
11 25 0 10 25 15 10 21 27 15
11 25 10 0 25 16 10 22 28 15
26 11 25 25 0 24 25 24 18 23
16 24 15 16 24 0 15 19 24 10
11 25 10 10 25 15 0 22 27 15
22 25 21 22 24 19 22 0 20 19
29 19 27 28 18 24 27 20 0 24
16 23 15 15 23 10 15 19 24 0
