5 10 250 33 67
11 39 15 13 54 26 15 27 23 11
21 43 22 26 56 23 9 38 29 19
36 93 49 56 143 48 31 80 60 61
17 29 20 22 52 24 8 38 23 18
28 41 32 34 83 39 24 65 36 23
40 56 121 43 81
0 2 12 3 13
2 0 13 3 14
12 13 0 13 3
3 3 13 0 14
13 14 3 14 0
0 23 19 28 10 30 11 25 32 32
23 0 26 18 24 19 23 12 29 34
19 26 0 27 19 28 20 28 25 22
28 18 27 0 29 11 29 17 22 30
10 24 19 29 0 30 11 26 32 32
30 19 28 11 30 0 31 18 22 30
11 23 20 29 11 31 0 26 33 33
25 12 28 17 26 18 26 0 29 35
32 29 25 22 32 22 33 29 0 19
32 34 22 30 32 30 33 35 19 0
