9 9 250 33 67
34 77 13 22 35 24 25 12 25
28 60 9 25 33 36 31 11 35
48 111 23 43 48 53 45 31 67
37 121 29 32 64 48 33 21 65
25 66 10 35 44 28 27 17 30
21 73 8 28 31 36 29 20 34
87 151 33 78 95 82 59 36 100
62 131 28 49 71 50 55 22 78
104 256 37 82 127 95 85 69 124
20 19 40 36 24 22 51 40 75
0 10 7 9 4 7 7 11 11
10 0 8 10 10 9 9 5 8
7 8 0 9 7 5 5 8 10
9 10 9 0 9 9 9 10 8
4 10 7 9 0 7 7 11 11
7 9 5 9 7 0 4 9 10
7 9 5 9 7 4 0 9 10
11 5 8 10 11 9 9 0 8
11 8 10 8 11 10 10 8 0
0 14 13 11 18 14 13 10 17
14 0 12 15 16 10 12 14 16
13 12 0 14 17 12 10 12 17
11 15 14 0 18 15 14 11 18
18 16 17 18 0 17 17 17 10
14 10 12 15 17 0 12 14 17
13 12 10 14 17 12 0 12 17
10 14 12 11 17 14 12 0 17
17 16 17 18 10 17 17 17 0
