10 9 250 5 95
19 14 34 15 27 22 3 25 5
17 17 31 14 17 19 8 15 4
105 77 148 71 105 115 20 94 30
36 25 64 29 31 39 10 37 21
30 24 48 21 26 36 9 29 8
43 32 70 35 43 52 12 33 14
25 31 68 39 33 44 11 34 16
34 29 61 30 37 38 7 31 13
34 30 59 30 33 47 5 29 13
14 18 28 14 21 15 5 11 6
21 16 88 34 29 40 36 35 31 16
0 15 6 12 16 13 12 16 15 12
15 0 16 16 6 15 15 6 5 16
6 16 0 13 16 13 13 16 16 12
12 16 13 0 16 7 7 16 16 6
16 6 16 16 0 16 15 6 6 16
13 15 13 7 16 0 6 16 15 7
12 15 13 7 15 6 0 15 15 6
16 6 16 16 6 16 15 0 6 16
15 5 16 16 6 15 15 6 0 16
12 16 12 6 16 7 6 16 16 0
0 26 23 25 22 28 26 26 24
26 0 38 40 38 9 8 9 39
23 38 0 11 7 39 38 37 8
25 40 11 0 11 40 39 39 10
22 38 7 11 0 38 37 37 9
28 9 39 40 38 0 8 9 39
26 8 38 39 37 8 0 9 39
26 9 37 39 37 9 9 0 38
24 39 8 10 9 39 39 38 0
