7 7 250 39 61
37 32 27 74 39 53 28
39 25 35 78 41 56 53
104 64 79 150 82 90 89
89 64 63 165 83 96 80
210 140 140 402 174 247 190
57 31 45 81 46 54 49
167 89 95 242 148 159 138
19 21 43 41 107 27 79
0 7 8 6 13 13 7
7 0 8 3 9 9 7
8 8 0 8 14 14 3
6 3 8 0 9 10 7
13 9 14 9 0 2 14
13 9 14 10 2 0 14
7 7 3 7 14 14 0
0 12 19 19 27 10 22
12 0 23 22 25 13 18
19 23 0 15 29 21 30
19 22 15 0 27 22 27
27 25 29 27 0 28 18
10 13 21 22 28 0 23
22 18 30 27 18 23 0
