5 8 250 58 42
96 35 39 20 64 51 42 17
55 22 23 19 59 26 26 5
140 51 48 30 133 65 64 25
76 29 31 23 68 36 36 9
151 55 48 35 117 74 71 22
58 35 102 53 97
0 9 2 14 5
9 0 10 9 13
2 10 0 16 8
14 9 16 0 16
5 13 8 16 0
0 6 11 17 6 16 6 13
6 0 11 18 6 18 7 12
11 11 0 20 11 20 10 14
17 18 20 0 17 7 17 20
6 6 11 17 0 17 6 13
16 18 20 7 17 0 16 20
6 7 10 17 6 16 0 13
13 12 14 20 13 20 13 0
