10 7 250 98 2
39 49 20 53 24 97 23
21 24 11 21 12 53 11
67 91 40 62 25 157 33
49 57 28 36 24 101 33
55 52 43 75 35 173 44
37 47 27 51 20 91 23
180 176 99 202 101 387 132
47 58 29 68 33 92 32
30 30 25 30 14 93 23
60 76 45 70 38 149 40
23 13 37 26 36 24 91 30 19 40
0 11 9 12 9 11 11 3 12 9
11 0 5 3 6 3 2 12 2 5
9 5 0 6 3 6 5 9 5 2
12 3 6 0 7 3 3 13 3 6
9 6 3 7 0 6 6 10 6 3
11 3 6 3 6 0 2 12 3 5
11 2 5 3 6 2 0 12 3 5
3 12 9 13 10 12 12 0 13 10
12 2 5 3 6 3 3 13 0 5
9 5 2 6 3 5 5 10 5 0
0 26 18 18 7 18 18
26 0 30 28 25 29 28
18 30 0 8 19 7 8
18 28 8 0 19 7 7
7 25 19 19 0 18 19
18 29 7 7 18 0 7
18 28 8 7 19 7 0
