7 5 250 4 96
106 84 99 120 67
149 111 139 156 82
326 217 317 395 211
181 154 190 234 115
101 90 116 137 50
69 58 70 84 42
70 58 91 104 32
36 44 118 64 34 26 24
0 10 5 7 14 9 5
10 0 12 12 11 6 10
5 12 0 5 14 11 5
7 12 5 0 13 11 5
14 11 14 13 0 9 13
9 6 11 11 9 0 9
5 10 5 5 13 9 0
0 8 19 18 16
8 0 19 19 16
19 19 0 9 12
18 19 9 0 11
16 16 12 11 0
