4 6 250 15 85
98 41 71 75 87 125
150 105 186 177 177 241
250 143 228 217 199 305
229 103 194 210 190 285
46 86 109 107
0 7 3 11
7 0 6 10
3 6 0 8
11 10 8 0
0 15 16 15 15 12
15 0 10 15 15 14
16 10 0 16 16 15
15 15 16 0 10 13
15 15 16 10 0 14
12 14 15 13 14 0
