6 10 250 17 83
38 32 29 21 25 27 36 57 15 46
55 64 65 31 35 37 60 107 31 41
65 62 59 43 36 54 89 119 47 68
58 80 71 36 59 46 98 129 43 67
37 38 41 21 33 30 66 68 26 28
25 39 49 30 29 26 38 53 14 31
36 65 81 79 47 40
0 11 11 5 11 6
11 0 5 11 5 10
11 5 0 11 5 10
5 11 11 0 11 6
11 5 5 11 0 10
6 10 10 6 10 0
0 16 24 17 17 19 22 9 25 24
16 0 23 9 25 26 16 16 24 23
24 23 0 25 24 24 30 24 10 9
17 9 25 0 26 27 17 16 26 24
17 25 24 26 0 11 29 19 25 25
19 26 24 27 11 0 29 21 26 25
22 16 30 17 29 29 0 22 31 29
9 16 24 16 19 21 22 0 24 23
25 24 10 26 25 26 31 24 0 9
24 23 9 24 25 25 29 23 9 0
