10 7 250 11 89
15 7 35 27 19 14 14
49 40 101 75 67 53 67
73 45 102 57 37 59 64
125 69 213 108 91 130 128
43 20 84 38 26 44 53
37 21 60 41 29 33 39
47 28 77 36 34 34 41
35 24 75 49 27 47 44
24 11 40 21 20 20 24
35 12 41 26 28 26 22
14 46 44 82 31 25 32 33 15 21
0 17 13 5 13 5 15 8 8 4
17 0 19 17 9 16 6 15 15 17
13 19 0 12 16 12 18 14 13 12
5 17 12 0 13 5 16 8 8 5
13 9 16 13 0 12 9 9 10 12
5 16 12 5 12 0 15 7 7 4
15 6 18 16 9 15 0 13 14 15
8 15 14 8 9 7 13 0 5 8
8 15 13 8 10 7 14 5 0 8
4 17 12 5 12 4 15 8 8 0
0 9 18 9 14 9 19
9 0 18 9 14 9 19
18 18 0 19 13 17 9
9 9 19 0 15 10 20
14 14 13 15 0 13 14
9 9 17 10 13 0 18
19 19 9 20 14 18 0
