6 10 250 58 42
33 38 29 59 21 17 17 52 41 34
81 124 74 218 42 38 51 148 115 110
89 98 54 155 30 24 36 120 100 90
99 138 55 186 30 23 55 144 103 101
104 137 66 201 47 29 64 151 137 121
43 86 37 137 31 20 26 82 80 64
24 72 58 72 69 40
0 9 10 9 10 9
9 0 13 4 14 8
10 13 0 13 4 14
9 4 13 0 13 8
10 14 4 13 0 15
9 8 14 8 15 0
0 6 9 21 19 22 16 22 19 21
6 0 10 20 20 22 18 22 20 20
9 10 0 21 15 21 12 21 15 21
21 20 21 0 20 17 25 17 21 6
19 20 15 20 0 19 12 20 6 19
22 22 21 17 19 0 23 6 19 17
16 18 12 25 12 23 0 24 12 24
22 22 21 17 20 6 24 0 20 18
19 20 15 21 6 19 12 20 0 20
21 20 21 6 19 17 24 18 20 0
