10 10 250 17 83
23 10 19 12 8 25 20 37 14 22
42 24 36 16 15 54 36 66 21 26
45 12 41 23 23 69 47 114 27 38
26 12 18 11 4 42 19 37 15 21
64 27 47 28 18 100 61 107 29 35
26 11 31 22 19 49 37 64 19 30
97 40 80 36 38 125 89 165 55 73
34 27 38 13 17 52 31 69 24 28
25 18 36 20 20 55 33 81 22 20
57 36 50 35 19 78 57 137 35 36
18 28 36 18 49 25 63 29 30 50
0 14 9 12 11 15 14 19 11 16
14 0 18 9 9 12 8 20 9 12
9 18 0 14 13 15 17 15 13 15
12 9 14 0 5 7 8 15 4 8
11 9 13 5 0 8 9 15 4 9
15 12 15 7 8 0 12 12 8 4
14 8 17 8 9 12 0 19 9 12
19 20 15 15 15 12 19 0 15 11
11 9 13 4 4 8 9 15 0 8
16 12 15 8 9 4 12 11 8 0
0 10 13 11 15 11 19 19 19 12
10 0 13 10 15 10 19 19 19 12
13 13 0 14 12 13 16 16 16 13
11 10 14 0 16 10 20 20 20 13
15 15 12 16 0 16 15 15 15 15
11 10 13 10 16 0 20 19 20 13
19 19 16 20 15 20 0 10 10 18
19 19 16 20 15 19 10 0 10 18
19 19 16 20 15 20 10 10 0 18
12 12 13 13 15 13 18 18 18 0
