8 4 250 44 56
46 46 42 114
91 147 109 244
152 193 194 431
79 113 104 198
85 103 102 190
37 42 21 72
34 81 51 121
253 353 317 684
18 37 75 36 36 11 19 113
0 13 13 15 13 13 6 13
13 0 7 9 7 7 13 7
13 7 0 10 8 8 13 8
15 9 10 0 11 11 14 11
13 7 8 11 0 6 13 6
13 7 8 11 6 0 13 5
6 13 13 14 13 13 0 13
13 7 8 11 6 5 13 0
0 31 31 9
31 0 11 29
31 11 0 30
9 29 30 0
