7 9 250 19 81
7 27 24 15 22 13 23 26 13
5 23 37 21 30 18 12 27 14
34 78 103 59 108 51 47 98 59
29 33 82 32 62 24 34 48 39
8 12 17 7 14 9 6 19 9
16 34 45 15 49 16 19 32 12
9 10 18 11 26 8 4 18 9
31 33 114 78 19 41 21
0 9 3 6 10 11 7
9 0 8 10 7 7 5
3 8 0 6 10 10 7
6 10 6 0 11 11 7
10 7 10 11 0 3 8
11 7 10 11 3 0 8
7 5 7 7 8 8 0
0 10 22 23 10 22 20 24 22
10 0 22 23 10 21 20 24 22
22 22 0 10 21 17 18 11 17
23 23 10 0 22 17 18 10 17
10 10 21 22 0 21 20 23 21
22 21 17 17 21 0 13 17 10
20 20 18 18 20 13 0 18 14
24 24 11 10 23 17 18 0 17
22 22 17 17 21 10 14 17 0
