9 9 250 13 87
6 11 18 17 18 4 4 7 7
29 33 49 48 61 8 24 23 6
24 38 58 61 62 12 39 35 21
31 28 46 69 68 10 20 32 20
27 25 51 56 51 5 24 45 29
55 56 102 97 82 8 64 48 45
21 18 19 34 18 1 22 14 8
4 19 19 28 24 3 14 9 10
11 11 24 24 18 2 10 8 8
14 42 54 47 47 74 25 20 18
0 10 4 10 11 4 9 4 11
10 0 10 4 8 10 11 10 8
4 10 0 10 11 4 10 4 11
10 4 10 0 8 10 11 10 8
11 8 11 8 0 11 10 11 4
4 10 4 10 11 0 9 4 10
9 11 10 11 10 9 0 9 10
4 10 4 10 11 4 9 0 11
11 8 11 8 4 10 10 11 0
0 20 6 6 20 20 13 14 15
20 0 20 20 7 6 21 20 19
6 20 0 6 20 20 13 14 16
6 20 6 0 20 20 13 14 16
20 7 20 20 0 6 21 21 18
20 6 20 20 6 0 21 21 19
13 21 13 13 21 21 0 6 19
14 20 14 14 21 21 6 0 19
15 19 16 16 18 19 19 19 0
