8 10 250 18 82
57 57 18 23 34 14 24 34 26 25
49 32 15 19 43 19 19 42 33 19
103 127 24 56 77 45 60 72 76 42
116 126 28 52 70 60 70 86 66 77
27 33 6 17 26 15 18 19 15 13
49 51 13 22 42 18 37 40 22 19
167 161 43 68 110 70 91 111 98 91
115 89 34 46 67 52 54 76 56 42
27 23 57 65 16 25 88 46
0 16 10 10 11 16 15 15
16 0 13 18 10 4 13 4
10 13 0 12 11 13 18 12
10 18 12 0 12 19 18 18
11 10 11 12 0 11 11 10
16 4 13 19 11 0 14 4
15 13 18 18 11 14 0 14
15 4 12 18 10 4 14 0
0 21 24 22 22 25 10 25 24 21
21 0 23 10 11 24 21 25 24 10
24 23 0 22 23 11 24 12 12 22
22 10 22 0 11 24 22 24 24 10
22 11 23 11 0 25 22 25 25 10
25 24 11 24 25 0 25 11 11 24
10 21 24 22 22 25 0 24 24 21
25 25 12 24 25 11 24 0 11 25
24 24 12 24 25 11 24 11 0 24
21 10 22 10 10 24 21 25 24 0
