8 8 250 46 54
19 12 28 52 12 72 29 14
7 5 15 36 10 39 14 4
40 44 74 157 63 240 113 55
14 11 19 32 16 50 38 6
29 23 58 94 37 142 60 17
27 35 59 91 47 156 87 33
7 11 21 35 10 55 21 8
22 18 32 53 24 62 41 20
27 16 102 26 55 67 19 33
0 14 16 9 4 10 7 11
14 0 12 3 12 9 12 8
16 12 0 10 17 4 19 9
9 3 10 0 9 5 9 7
4 12 17 9 0 12 10 9
10 9 4 5 12 0 12 9
7 12 19 9 10 12 0 17
11 8 9 7 9 9 17 0
0 23 19 9 19 12 30 14
23 0 8 20 9 13 9 23
19 8 0 15 12 7 14 19
9 20 15 0 21 13 29 22
19 9 12 21 0 9 11 16
12 13 7 13 9 0 17 11
30 9 14 29 11 17 0 23
14 23 19 22 16 11 23 0
