8 6 250 19 81
3 8 15 5 13 18
5 12 14 5 17 14
7 22 37 23 43 29
8 15 21 8 16 25
11 38 53 33 67 39
11 39 62 31 77 68
6 9 22 8 15 10
6 34 35 12 43 30
19 22 49 31 78 91 20 47
0 3 7 11 17 7 12 13
3 0 9 11 20 8 13 13
7 9 0 14 20 5 11 16
11 11 14 0 13 9 7 4
17 20 20 13 0 16 12 15
7 8 5 9 16 0 7 12
12 13 11 7 12 7 0 8
13 13 16 4 15 12 8 0
0 15 22 7 35 36
15 0 20 16 23 26
22 20 0 18 29 32
7 16 18 0 34 35
35 23 29 34 0 11
36 26 32 35 11 0
