7 4 250 20 80
58 93 100 60
74 105 111 55
153 242 293 144
54 92 104 46
127 211 227 153
75 141 167 85
55 75 104 38
33 40 87 30 71 48 30
0 12 14 12 15 13 3
12 0 17 3 17 3 12
14 17 0 17 3 18 14
12 3 17 0 17 3 12
15 17 3 17 0 18 15
13 3 18 3 18 0 12
3 12 14 12 15 12 0
0 26 29 18
26 0 31 20
29 31 0 7
18 20 7 0
