8 8 250 9 91
75 39 58 14 16 67 122 17
108 45 84 15 23 93 163 16
145 86 112 36 33 143 246 24
46 15 42 12 12 41 75 9
24 16 21 6 9 20 61 3
133 71 111 41 46 141 272 52
170 75 117 41 44 143 249 44
64 34 48 13 20 63 112 14
34 44 58 20 14 70 68 30
0 4 4 9 9 4 11 9
4 0 4 9 8 3 10 9
4 4 0 10 10 4 11 10
9 9 10 0 4 9 8 3
9 8 10 4 0 8 9 5
4 3 4 9 8 0 11 9
11 10 11 8 9 11 0 7
9 9 10 3 5 9 7 0
0 37 32 35 35 30 35 31
37 0 40 22 20 39 19 40
32 40 0 27 33 10 33 9
35 22 27 0 16 27 16 28
35 20 33 16 0 33 9 33
30 39 10 27 33 0 33 9
35 19 33 16 9 33 0 34
31 40 9 28 33 9 34 0
