5 9 250 10 90
39 6 17 15 40 17 38 46 26
90 19 48 23 65 30 54 90 31
90 17 40 11 80 37 72 90 31
442 107 210 113 292 180 277 412 164
124 41 43 23 93 57 82 98 46
21 42 36 181 50
0 20 4 9 4
20 0 19 16 20
4 19 0 8 4
9 16 8 0 9
4 20 4 9 0
0 17 14 17 16 16 7 12 8
17 0 13 7 18 14 17 13 18
14 13 0 13 13 13 14 10 15
17 7 13 0 18 14 17 13 18
16 18 13 18 0 14 16 14 17
16 14 13 14 14 0 16 13 16
7 17 14 17 16 16 0 12 8
12 13 10 13 14 13 12 0 12
8 18 15 18 17 16 8 12 0
