10 7 250 20 80
14 19 17 16 24 48 17
44 58 41 37 63 99 35
34 51 37 23 63 76 47
19 23 21 5 22 27 16
34 36 41 14 29 50 18
37 59 31 23 71 100 45
19 21 22 18 25 40 13
34 41 38 18 50 91 26
45 46 45 29 56 71 38
42 37 58 23 39 70 36
20 53 40 17 27 42 19 35 41 37
0 5 8 13 7 11 12 14 11 9
5 0 8 13 7 11 12 14 11 9
8 8 0 12 6 9 8 11 7 8
13 13 12 0 10 7 12 12 11 11
7 7 6 10 0 8 10 11 8 7
11 11 9 7 8 0 9 10 8 9
12 12 8 12 10 9 0 8 6 10
14 14 11 12 11 10 8 0 8 9
11 11 7 11 8 8 6 8 0 9
9 9 8 11 7 9 10 9 9 0
0 10 13 9 18 12 11
10 0 11 8 15 12 6
13 11 0 14 11 12 10
9 8 14 0 18 11 9
18 15 11 18 0 18 14
12 12 12 11 18 0 11
11 6 10 9 14 11 0
