10 9 250 8 92
4 15 4 11 8 3 9 5 9
23 53 35 27 19 10 30 25 31
15 29 15 23 16 7 26 19 24
10 21 17 7 13 6 14 8 12
6 12 5 6 8 7 14 13 8
2 6 6 2 6 5 10 11 7
12 46 25 21 13 7 21 26 30
9 12 9 7 7 3 9 12 5
18 46 30 31 22 22 38 15 29
17 25 18 12 12 4 23 20 16
16 65 39 28 20 14 49 17 65 36
0 15 4 3 3 15 8 11 12 3
15 0 15 15 16 3 12 9 11 16
4 15 0 4 4 14 9 11 12 5
3 15 4 0 3 15 8 11 12 3
3 16 4 3 0 15 9 11 12 3
15 3 14 15 15 0 12 9 10 15
8 12 9 8 9 12 0 5 12 8
11 9 11 11 11 9 5 0 12 11
12 11 12 12 12 10 12 12 0 12
3 16 5 3 3 15 8 11 12 0
0 18 15 18 13 14 16 13 14
18 0 14 10 18 19 24 19 20
15 14 0 14 17 17 21 17 18
18 10 14 0 18 19 24 19 20
13 18 17 18 0 11 17 11 11
14 19 17 19 11 0 17 12 11
16 24 21 24 17 17 0 16 16
13 19 17 19 11 12 16 0 11
14 20 18 20 11 11 16 11 0
