9 9 250 14 86
14 15 12 8 21 8 9 16 16
14 18 20 8 32 8 14 22 37
38 52 42 18 71 20 29 52 92
5 11 5 2 11 3 10 10 19
9 21 10 4 25 13 16 20 29
41 54 46 24 76 39 48 66 95
8 17 15 3 14 4 11 13 15
10 28 31 15 34 16 18 24 44
8 21 18 11 26 14 19 20 33
23 31 78 15 28 81 17 39 32
0 10 9 10 14 9 10 10 10
10 0 5 11 10 12 5 12 9
9 5 0 8 7 8 8 8 4
10 11 8 0 13 13 10 14 9
14 10 7 13 0 8 14 8 5
9 12 8 13 8 0 15 2 7
10 5 8 10 14 15 0 15 12
10 12 8 14 8 2 15 0 8
10 9 4 9 5 7 12 8 0
0 11 20 10 11 20 10 10 20
11 0 21 10 12 21 12 10 21
20 21 0 20 18 10 20 20 10
10 10 20 0 11 19 11 9 19
11 12 18 11 0 18 11 11 18
20 21 10 19 18 0 20 20 9
10 12 20 11 11 20 0 11 20
10 10 20 9 11 20 11 0 20
20 21 10 19 18 9 20 20 0
