4 8 250 6 94
33 53 20 38 18 27 31 40
108 200 74 121 94 107 127 151
52 90 36 65 47 44 68 65
73 153 56 93 63 69 106 97
34 142 70 99
0 12 12 12
12 0 3 3
12 3 0 2
12 3 2 0
0 13 8 7 15 13 14 14
13 0 14 13 11 9 9 8
8 14 0 9 16 14 15 14
7 13 9 0 14 12 13 13
15 11 16 14 0 8 8 12
13 9 14 12 8 0 8 11
14 9 15 13 8 8 0 10
14 8 14 13 12 11 10 0
