10 10 250 22 78
4 24 17 37 38 16 9 11 23 13
11 28 26 49 47 25 28 18 19 13
7 34 19 55 52 24 21 18 28 15
5 28 23 42 47 13 25 8 20 20
9 40 43 62 69 21 30 23 32 15
3 36 31 46 64 11 19 16 31 16
4 12 13 23 29 7 14 6 8 6
11 79 53 98 98 27 41 25 49 31
4 22 22 35 35 14 10 8 20 12
2 14 12 16 23 6 8 12 12 6
28 37 38 34 50 40 15 64 23 14
0 9 9 8 4 6 11 8 10 9
9 0 4 3 8 11 13 4 12 4
9 4 0 4 9 12 13 4 12 4
8 3 4 0 8 11 13 4 12 4
4 8 9 8 0 7 11 8 10 8
6 11 12 11 7 0 11 11 11 11
11 13 13 13 11 11 0 13 4 13
8 4 4 4 8 11 13 0 12 4
10 12 12 12 10 11 4 12 0 12
9 4 4 4 8 11 13 4 12 0
0 9 35 31 9 34 13 35 14 10
9 0 34 30 10 33 13 34 14 12
35 34 0 13 34 9 39 11 40 36
31 30 13 0 31 14 35 12 36 32
9 10 34 31 0 34 15 35 15 9
34 33 9 14 34 0 38 13 39 35
13 13 39 35 15 38 0 40 12 15
35 34 11 12 35 13 40 0 40 36
14 14 40 36 15 39 12 40 0 15
10 12 36 32 9 35 15 36 15 0
