4 10 250 7 93
48 23 19 16 29 32 10 54 50 16
108 80 72 51 80 79 36 160 176 42
62 48 53 34 55 51 27 105 131 26
87 61 66 46 79 77 34 146 165 54
42 104 70 98
0 2 14 15
2 0 14 15
14 14 0 3
15 15 3 0
0 39 39 25 25 30 28 26 39 38
39 0 9 29 29 21 23 30 24 23
39 9 0 29 29 21 23 30 24 24
25 29 29 0 10 21 17 12 29 28
25 29 29 10 0 20 16 11 28 27
30 21 21 21 20 0 12 20 19 18
28 23 23 17 16 12 0 17 21 20
26 30 30 12 11 20 17 0 27 27
39 24 24 29 28 19 21 27 0 9
38 23 24 28 27 18 20 27 9 0
