8 10 250 39 61
27 37 4 6 15 33 19 29 19 25
22 44 14 9 16 29 18 39 19 26
41 72 30 16 28 66 42 64 39 40
22 52 20 10 10 42 24 55 15 25
12 16 6 2 2 15 5 27 9 12
27 25 7 5 11 23 18 38 15 27
5 11 2 2 4 7 5 7 5 5
17 21 6 4 4 22 15 31 9 15
43 51 81 58 21 39 11 27
0 9 6 9 8 13 8 14
9 0 9 6 11 10 11 11
6 9 0 9 8 13 8 14
9 6 9 0 12 10 11 11
8 11 8 12 0 15 5 15
13 10 13 10 15 0 14 6
8 11 8 11 5 14 0 15
14 11 14 11 15 6 15 0
0 23 23 23 24 22 34 25 29 23
23 0 9 8 8 9 22 9 24 9
23 9 0 9 10 11 22 10 22 10
23 8 9 0 8 9 23 9 25 8
24 8 10 8 0 9 23 9 25 9
22 9 11 9 9 0 24 10 26 10
34 22 22 23 23 24 0 20 23 24
25 9 10 9 9 10 20 0 24 11
29 24 22 25 25 26 23 24 0 25
23 9 10 8 9 10 24 11 25 0
