7 5 250 11 89
9 31 31 32 12
27 98 133 96 43
18 56 73 61 23
14 35 55 45 14
11 47 49 39 22
20 59 65 70 35
26 79 125 82 50
23 84 46 32 33 46 72
0 10 10 2 13 2 8
10 0 2 10 18 9 15
10 2 0 10 19 10 16
2 10 10 0 12 2 7
13 18 19 12 0 12 8
2 9 10 2 12 0 7
8 15 16 7 8 7 0
0 16 12 17 8
16 0 21 9 13
12 21 0 23 15
17 9 23 0 14
8 13 15 14 0
