5 9 250 20 80
40 37 58 59 63 101 39 34 85
52 19 56 78 52 89 48 44 65
63 34 79 71 85 118 49 46 89
124 56 153 157 130 269 77 96 167
44 28 83 83 73 121 30 32 77
47 52 69 108 57
0 14 7 16 16
14 0 17 20 12
7 17 0 4 7
16 20 4 0 5
16 12 7 5 0
0 30 22 18 18 21 19 18 31
30 0 21 27 26 21 26 27 10
22 21 0 20 20 11 20 21 21
18 27 20 0 10 19 10 11 28
18 26 20 10 0 19 10 11 27
21 21 11 19 19 0 19 20 22
19 26 20 10 10 19 0 11 27
18 27 21 11 11 20 11 0 28
31 10 21 28 27 22 27 28 0
