7 9 250 6 94
29 10 8 12 20 11 17 34 16
31 12 16 20 32 14 10 42 20
63 35 40 35 48 36 39 87 61
53 27 27 21 31 30 35 64 34
28 18 11 16 28 11 21 40 27
16 13 9 10 8 5 12 18 12
70 44 37 32 50 34 47 85 45
28 37 76 60 38 21 85
0 15 15 15 6 6 14
15 0 11 11 15 15 5
15 11 0 5 16 17 11
15 11 5 0 17 17 11
6 15 16 17 0 5 15
6 15 17 17 5 0 15
14 5 11 11 15 15 0
0 15 14 21 14 22 15 14 15
15 0 12 15 12 15 19 12 19
14 12 0 14 7 15 15 7 15
21 15 14 0 15 7 20 15 21
14 12 7 15 0 15 15 7 16
22 15 15 7 15 0 21 15 22
15 19 15 20 15 21 0 15 7
14 12 7 15 7 15 15 0 16
15 19 15 21 16 22 7 16 0
