6 8 250 34 66
38 49 36 24 48 49 67 31
54 64 41 42 56 76 68 38
112 123 100 53 79 83 129 87
75 81 77 51 58 84 94 60
127 151 150 80 113 156 165 105
122 135 132 59 92 125 147 87
31 36 64 48 96 80
0 8 11 5 9 6
8 0 7 6 10 9
11 7 0 9 9 10
5 6 9 0 8 6
9 10 9 8 0 6
6 9 10 6 6 0
0 13 7 11 14 13 11 13
13 0 13 16 15 8 16 7
7 13 0 11 13 12 11 12
11 16 11 0 13 16 7 15
14 15 13 13 0 16 14 15
13 8 12 16 16 0 15 7
11 16 11 7 14 15 0 15
13 7 12 15 15 7 15 0
