6 5 250 36 64
29 29 87 22 66
102 85 291 75 152
64 60 178 41 101
31 33 118 30 37
41 39 126 24 79
41 35 128 35 57
38 107 68 42 43 43
0 5 11 7 11 10
5 0 11 7 11 11
11 11 0 9 5 14
7 7 9 0 10 12
11 11 5 10 0 14
10 11 14 12 14 0
0 25 8 9 37
25 0 26 23 26
8 26 0 9 38
9 23 9 0 36
37 26 38 36 0
