6 8 250 9 91
9 29 28 33 64 34 33 32
33 70 64 69 133 78 58 66
19 48 59 50 113 64 43 54
30 91 84 93 202 104 89 90
30 59 57 68 121 95 59 55
15 30 30 36 71 44 27 23
32 65 51 98 68 36
0 4 18 17 4 6
4 0 18 16 4 4
18 18 0 5 17 19
17 16 5 0 16 18
4 4 17 16 0 6
6 4 19 18 6 0
0 20 6 25 23 22 27 26
20 0 20 13 13 15 18 17
6 20 0 25 23 22 27 25
25 13 25 0 11 11 11 12
23 13 23 11 0 12 16 11
22 15 22 11 12 0 12 9
27 18 27 11 16 12 0 13
26 17 25 12 11 9 13 0
