8 8 250 1 99
23 54 52 34 56 64 32 37
24 56 74 77 93 70 42 45
32 104 99 79 129 80 64 67
21 66 47 38 65 48 21 35
31 96 81 74 112 70 47 61
47 143 126 109 178 117 76 92
31 137 107 87 164 100 64 79
16 64 53 56 60 43 35 32
27 40 53 28 47 63 54 31
0 2 2 2 3 11 11 12
2 0 2 3 2 11 12 12
2 2 0 2 2 12 12 12
2 3 2 0 3 12 12 12
3 2 2 3 0 12 12 12
11 11 12 12 12 0 2 3
11 12 12 12 12 2 0 2
12 12 12 12 12 3 2 0
0 6 16 7 7 12 12 7
6 0 16 7 7 12 12 7
16 16 0 16 16 15 15 16
7 7 16 0 7 12 12 7
7 7 16 7 0 12 12 7
12 12 15 12 12 0 6 13
12 12 15 12 12 6 0 13
7 7 16 7 7 13 13 0
