9 7 250 29 71
35 61 158 98 75 32 83
60 105 260 197 106 49 119
38 60 212 133 74 36 85
41 55 173 126 70 19 73
26 46 157 121 62 35 69
17 50 127 90 62 22 51
23 34 107 70 45 16 59
16 32 72 52 33 20 41
51 77 209 164 103 33 99
38 63 49 38 33 30 27 19 53
0 14 3 18 14 7 7 14 18
14 0 14 11 3 10 10 4 11
3 14 0 19 14 8 7 14 19
18 11 19 0 11 16 17 11 4
14 3 14 11 0 10 11 3 10
7 10 8 16 10 0 3 10 16
7 10 7 17 11 3 0 11 16
14 4 14 11 3 10 11 0 10
18 11 19 4 10 16 16 10 0
0 20 23 9 22 25 20
20 0 22 20 22 21 9
23 22 0 22 9 17 23
9 20 22 0 21 25 20
22 22 9 21 0 15 22
25 21 17 25 15 0 22
20 9 23 20 22 22 0
