8 9 250 5 95
9 23 18 3 6 63 25 14 25
26 40 48 12 26 160 41 40 44
45 62 93 11 28 237 75 49 103
22 27 28 11 19 109 33 29 34
23 47 40 12 19 137 56 30 46
10 28 33 4 13 70 21 21 28
43 92 68 18 24 236 61 57 72
41 52 72 15 28 192 56 57 56
18 45 61 27 43 21 67 54
0 5 12 9 9 11 9 10
5 0 12 9 9 11 9 10
12 12 0 12 12 6 12 12
9 9 12 0 5 11 5 5
9 9 12 5 0 12 5 5
11 11 6 11 12 0 11 12
9 9 12 5 5 11 0 6
10 10 12 5 5 12 6 0
0 9 9 10 21 22 30 22 19
9 0 9 9 22 23 28 22 19
9 9 0 9 21 22 29 21 18
10 9 9 0 21 22 28 21 18
21 22 21 21 0 10 35 8 13
22 23 22 22 10 0 38 10 15
30 28 29 28 35 38 0 35 30
22 22 21 21 8 10 35 0 13
19 19 18 18 13 15 30 13 0
