10 10 250 18 82
17 30 18 25 12 6 17 25 7 24
32 50 20 26 12 13 23 28 19 49
43 64 35 45 26 22 32 48 24 55
44 48 32 44 27 23 33 45 24 73
36 40 24 30 10 12 15 27 16 39
22 36 25 31 12 3 24 21 11 41
14 10 10 6 6 3 9 13 6 15
31 35 30 36 15 19 20 38 14 57
113 171 84 118 44 60 89 99 58 166
31 73 41 37 25 25 28 36 30 76
17 28 40 38 25 24 9 30 90 36
0 10 10 9 11 12 10 9 9 10
10 0 14 14 12 13 4 11 12 11
10 14 0 4 8 10 14 12 12 9
9 14 4 0 9 10 14 12 12 9
11 12 8 9 0 7 12 12 13 4
12 13 10 10 7 0 12 15 15 7
10 4 14 14 12 12 0 11 11 11
9 11 12 12 12 15 11 0 4 12
9 12 12 12 13 15 11 4 0 12
10 11 9 9 4 7 11 12 12 0
0 10 31 27 12 17 14 12 17 19
10 0 33 29 10 17 13 11 17 19
31 33 0 12 35 33 37 36 31 29
27 29 12 0 31 29 33 31 27 25
12 10 35 31 0 18 10 9 18 20
17 17 33 29 18 0 18 17 11 13
14 13 37 33 10 18 0 10 19 21
12 11 36 31 9 17 10 0 17 20
17 17 31 27 18 11 19 17 0 13
19 19 29 25 20 13 21 20 13 0
