7 8 250 25 75
12 23 45 7 20 27 15 50
11 20 37 11 13 23 23 43
31 20 39 23 42 29 25 67
24 34 62 41 57 32 44 88
15 18 30 16 20 17 19 47
11 16 29 14 16 16 12 33
6 19 23 17 26 15 16 28
40 37 56 88 43 32 31
0 13 14 3 13 15 14
13 0 3 12 4 10 12
14 3 0 13 3 12 14
3 12 13 0 12 14 14
13 4 3 12 0 12 14
15 10 12 14 12 0 4
14 12 14 14 14 4 0
0 16 14 9 16 6 11 12
16 0 7 14 7 14 23 24
14 7 0 12 7 12 21 22
9 14 12 0 14 8 14 15
16 7 7 14 0 14 23 24
6 14 12 8 14 0 13 14
11 23 21 14 23 13 0 6
12 24 22 15 24 14 6 0
