5 9 250 5 95
18 42 78 27 72 39 61 56 26
39 76 118 57 122 71 99 78 56
38 77 174 69 129 97 133 107 59
15 34 90 26 51 43 60 45 25
90 158 323 129 272 154 250 207 116
38 64 71 32 139
0 15 5 17 17
15 0 15 13 13
5 15 0 17 17
17 13 17 0 5
17 13 17 5 0
0 9 29 29 29 23 29 27 9
9 0 30 31 30 24 30 28 10
29 30 0 9 20 20 9 26 30
29 31 9 0 19 20 8 24 31
29 30 20 19 0 13 20 16 31
23 24 20 20 13 0 21 16 25
29 30 9 8 20 21 0 25 31
27 28 26 24 16 16 25 0 29
9 10 30 31 31 25 31 29 0
