7 7 250 7 93
50 49 30 33 31 93 30
59 50 34 46 35 122 32
96 78 68 80 64 257 62
230 205 141 154 133 500 109
49 43 27 42 30 107 30
100 78 52 73 57 218 76
93 90 69 71 58 202 57
22 32 53 120 26 54 51
0 14 18 5 13 12 14
14 0 10 15 13 12 5
18 10 0 19 13 12 10
5 15 19 0 12 12 14
13 13 13 12 0 4 12
12 12 12 12 4 0 12
14 5 10 14 12 12 0
0 23 30 30 12 21 34
23 0 12 23 19 36 23
30 12 0 13 20 32 16
30 23 13 0 14 21 6
12 19 20 14 0 13 17
21 36 32 21 13 0 28
34 23 16 6 17 28 0
