9 6 250 9 91
28 26 70 39 84 38
71 57 120 73 127 81
107 78 134 92 169 108
52 40 65 41 85 49
14 8 28 11 29 21
39 38 76 49 102 51
56 33 92 38 115 49
171 84 213 129 258 148
73 65 138 86 154 86
21 42 54 29 8 27 31 81 44
0 3 2 9 8 8 13 10 11
3 0 3 9 7 8 13 10 11
2 3 0 9 7 8 13 10 11
9 9 9 0 7 3 11 7 8
8 7 7 7 0 7 11 7 7
8 8 8 3 7 0 10 7 8
13 13 13 11 11 10 0 14 13
10 10 10 7 7 7 14 0 5
11 11 11 8 7 8 13 5 0
0 23 23 13 13 20
23 0 13 15 25 15
23 13 0 17 28 9
13 15 17 0 17 15
13 25 28 17 0 26
20 15 9 15 26 0
