8 4 250 14 86
78 40 136 45
160 112 221 109
295 144 345 174
107 53 118 49
45 27 86 34
116 68 146 70
92 48 100 49
149 91 249 101
30 55 80 29 19 39 28 60
0 8 10 10 13 13 10 11
8 0 14 13 12 12 13 14
10 14 0 2 15 16 2 2
10 13 2 0 14 15 2 2
13 12 15 14 0 3 15 15
13 12 16 15 3 0 15 16
10 13 2 2 15 15 0 2
11 14 2 2 15 16 2 0
0 9 9 28
9 0 9 27
9 9 0 27
28 27 27 0
