10 7 250 42 58
33 26 26 17 12 32 89
25 17 33 11 11 20 66
47 49 61 26 16 51 154
9 7 17 12 5 17 48
80 86 90 57 33 100 262
18 28 31 23 13 20 102
32 35 52 23 16 49 119
39 48 60 28 16 51 183
22 27 30 15 13 28 77
33 47 59 40 24 81 193
25 20 45 13 74 24 36 44 23 52
0 11 9 14 17 16 4 17 17 9
11 0 11 17 13 13 12 12 14 11
9 11 0 10 12 11 10 13 12 4
14 17 10 0 13 12 15 15 12 10
17 13 12 13 0 4 18 7 5 12
16 13 11 12 4 0 17 7 5 11
4 12 10 15 18 17 0 18 18 10
17 12 13 15 7 7 18 0 8 13
17 14 12 12 5 5 18 8 0 11
9 11 4 10 12 11 10 13 11 0
0 9 31 30 9 10 32
9 0 32 30 9 10 32
31 32 0 10 32 33 9
30 30 10 0 30 31 11
9 9 32 30 0 9 32
10 10 33 31 9 0 33
32 32 9 11 32 33 0
