5 9 250 12 88
35 27 16 48 10 8 17 12 15
47 60 27 124 16 27 25 32 35
62 47 31 102 17 21 37 35 27
29 13 9 35 8 10 11 5 8
33 19 14 52 6 12 15 20 11
55 116 93 34 48
0 3 3 11 11
3 0 3 9 9
3 3 0 11 11
11 9 11 0 2
11 9 11 2 0
0 10 23 9 10 23 24 24 23
10 0 25 9 9 24 26 25 24
23 25 0 24 24 9 9 9 9
9 9 24 0 9 23 25 24 23
10 9 24 9 0 24 25 25 23
23 24 9 23 24 0 10 9 9
24 26 9 25 25 10 0 9 10
24 25 9 24 25 9 9 0 10
23 24 9 23 23 9 10 10 0
