8 6 250 40 60
9 10 91 19 11 21
7 4 89 21 8 20
26 23 221 68 41 64
13 7 116 24 17 29
11 13 152 45 19 38
20 10 171 35 24 28
13 4 70 16 4 8
14 5 92 14 16 18
30 28 90 42 47 54 23 29
0 16 16 13 20 4 11 18
16 0 9 14 13 14 4 16
16 9 0 9 13 9 11 6
13 14 9 0 7 6 11 7
20 13 13 7 0 15 12 12
4 14 9 6 15 0 10 10
11 4 11 11 12 10 0 16
18 16 6 7 12 10 16 0
0 24 7 25 6 25
24 0 25 8 25 7
7 25 0 26 7 26
25 8 26 0 26 8
6 25 7 26 0 26
25 7 26 8 26 0
