9 5 250 9 91
20 33 64 52 41
21 30 71 46 30
38 62 161 99 77
15 24 66 34 32
104 165 355 196 188
71 96 257 137 110
20 41 91 58 45
55 83 156 93 81
20 31 87 58 29
20 20 38 17 90 59 23 43 20
0 11 15 11 10 13 13 8 9
11 0 13 6 9 11 11 9 9
15 13 0 13 16 13 12 16 14
11 6 13 0 9 11 11 9 8
10 9 16 9 0 11 11 8 10
13 11 13 11 11 0 5 12 13
13 11 12 11 11 5 0 12 13
8 9 16 9 8 12 12 0 9
9 9 14 8 10 13 13 9 0
0 11 28 9 10
11 0 28 11 10
28 28 0 26 26
9 11 26 0 9
10 10 26 9 0
