4 9 250 26 74
147 85 74 108 59 72 87 35 24
224 142 116 181 101 115 135 58 69
252 172 133 214 98 140 156 70 85
203 135 122 176 85 103 136 70 68
50 84 107 88
0 5 14 5
5 0 17 6
14 17 0 13
5 6 13 0
0 14 38 18 14 8 8 26 14
14 0 34 17 8 14 15 25 9
38 34 0 27 34 37 37 33 35
18 17 27 0 17 17 17 25 18
14 8 34 17 0 14 15 24 10
8 14 37 17 14 0 9 27 14
8 15 37 17 15 9 0 26 16
26 25 33 25 24 27 26 0 27
14 9 35 18 10 14 16 27 0
