4 9 250 8 92
48 38 39 43 12 10 32 21 26
116 119 77 94 30 29 67 47 53
97 110 57 83 34 19 67 37 45
139 175 77 128 40 38 87 73 84
39 95 83 138
0 3 3 17
3 0 4 19
3 4 0 17
17 19 17 0
0 18 8 8 11 19 29 20 17
18 0 20 21 16 14 14 18 16
8 20 0 9 10 23 31 17 18
8 21 9 0 8 20 31 22 13
11 16 10 8 0 18 25 19 9
19 14 23 20 18 0 22 28 14
29 14 31 31 25 22 0 24 23
20 18 17 22 19 28 24 0 24
17 16 18 13 9 14 23 24 0
