5 9 250 12 88
19 37 50 44 28 37 33 36 64
36 49 56 43 34 48 41 61 47
58 80 105 76 71 84 80 77 121
60 93 114 104 67 81 99 107 134
52 52 91 65 37 71 54 74 84
40 49 88 100 63
0 16 16 4 17
16 0 4 16 4
16 4 0 16 4
4 16 16 0 17
17 4 4 17 0
0 22 21 34 9 22 33 9 22
22 0 11 25 22 10 24 22 11
21 11 0 24 21 10 23 22 10
34 25 24 0 34 23 10 34 23
9 22 21 34 0 22 34 10 22
22 10 10 23 22 0 23 22 10
33 24 23 10 34 23 0 34 23
9 22 22 34 10 22 34 0 23
22 11 10 23 22 10 23 23 0
