10 9 250 34 66
2 12 4 8 4 16 2 9 8
7 11 13 16 9 15 17 12 23
6 9 22 17 9 15 20 14 28
5 3 4 11 6 14 9 9 6
5 5 7 9 10 19 11 14 11
7 14 16 14 16 16 20 16 14
12 14 10 25 22 25 18 12 26
6 8 12 12 7 14 15 9 14
13 10 12 24 11 24 15 16 21
3 4 5 9 8 6 11 6 12
21 40 44 22 27 37 51 32 46 22
0 6 6 6 6 12 7 6 2 9
6 0 2 3 2 8 3 2 6 11
6 2 0 2 2 8 3 2 6 10
6 3 2 0 3 8 2 2 6 10
6 2 2 3 0 8 3 3 6 11
12 8 8 8 8 0 7 8 11 15
7 3 3 2 3 7 0 2 6 10
6 2 2 2 3 8 2 0 6 10
2 6 6 6 6 11 6 6 0 9
9 11 10 10 11 15 10 10 9 0
0 17 10 13 10 10 17 16 16
17 0 17 14 17 16 10 15 15
10 17 0 13 9 10 17 15 15
13 14 13 0 13 13 14 13 12
10 17 9 13 0 10 17 15 15
10 16 10 13 10 0 17 16 16
17 10 17 14 17 17 0 15 15
16 15 15 13 15 16 15 0 10
16 15 15 12 15 16 15 10 0
