5 7 250 12 88
170 101 121 99 94 75 180
234 101 134 122 122 109 224
233 108 151 107 120 114 218
178 82 95 97 86 79 201
166 73 102 101 84 100 212
68 80 74 66 68
0 11 8 9 8
11 0 9 5 9
8 9 0 10 2
9 5 10 0 10
8 9 2 10 0
0 10 11 11 11 14 11
10 0 12 13 13 16 12
11 12 0 12 12 11 11
11 13 12 0 7 14 7
11 13 12 7 0 14 7
14 16 11 14 14 0 14
11 12 11 7 7 14 0
