8 8 250 33 67
34 41 120 59 18 14 40 29
106 148 490 262 96 91 168 169
46 56 175 110 33 25 59 41
49 82 240 135 44 35 75 74
48 71 191 97 30 30 52 62
18 27 88 43 11 16 29 38
14 42 104 66 16 13 34 36
11 28 59 29 9 16 22 12
27 111 44 53 46 22 25 14
0 10 12 13 11 14 13 12
10 0 8 6 8 7 7 8
12 8 0 6 6 6 5 6
13 6 6 0 9 3 3 9
11 8 6 9 0 9 9 2
14 7 6 3 9 0 2 9
13 7 5 3 9 2 0 8
12 8 6 9 2 9 8 0
0 22 22 21 22 21 22 21
22 0 11 29 11 24 10 24
22 11 0 29 11 24 11 24
21 29 29 0 29 20 29 22
22 11 11 29 0 24 11 24
21 24 24 20 24 0 23 14
22 10 11 29 11 23 0 24
21 24 24 22 24 14 24 0
