5 7 250 16 84
40 37 61 71 114 74 43
53 41 54 69 131 64 37
154 112 160 184 325 166 106
133 96 131 159 284 140 70
71 52 60 97 133 77 42
42 45 102 102 55
0 9 11 4 8
9 0 8 7 7
11 8 0 9 14
4 7 9 0 10
8 7 14 10 0
0 15 21 12 16 27 17
15 0 24 14 25 16 14
21 24 0 19 8 32 37
12 14 19 0 21 15 24
16 25 8 21 0 37 34
27 16 32 15 37 0 26
17 14 37 24 34 26 0
