8 9 250 31 69
25 32 25 8 40 81 39 24 9
37 54 53 21 39 117 55 39 18
58 55 78 23 54 168 64 52 28
45 72 87 33 66 165 74 56 34
52 56 67 25 62 108 53 49 20
34 29 42 18 44 92 49 25 20
33 49 41 18 48 96 34 38 8
20 35 58 15 43 102 49 37 15
30 46 62 63 52 36 35 38
0 10 11 8 8 10 4 6
10 0 8 15 8 14 11 13
11 8 0 15 5 11 11 12
8 15 15 0 13 13 9 9
8 8 5 13 0 8 7 9
10 14 11 13 8 0 7 8
4 11 11 9 7 7 0 4
6 13 12 9 9 8 4 0
0 24 36 22 18 18 13 20 31
24 0 13 24 25 22 25 13 26
36 13 0 29 32 29 34 25 27
22 24 29 0 22 11 13 27 28
18 25 32 22 0 27 24 31 13
18 22 29 11 27 0 7 18 34
13 25 34 13 24 7 0 21 34
20 13 25 27 31 18 21 0 36
31 26 27 28 13 34 34 36 0
