9 8 250 5 95
19 39 40 52 11 31 20 20
6 15 23 32 10 14 6 12
73 95 191 249 56 99 47 113
8 18 23 27 7 14 6 13
33 37 71 132 23 47 26 53
15 9 26 39 6 18 9 21
23 26 48 59 11 33 19 23
10 15 13 22 5 18 5 9
6 20 30 48 13 24 12 16
34 17 121 18 62 22 37 15 24
0 14 6 7 6 6 6 2 15
14 0 16 16 16 16 15 14 8
6 16 0 3 2 2 2 5 18
7 16 3 0 2 2 3 6 18
6 16 2 2 0 2 2 5 18
6 16 2 2 2 0 3 5 18
6 15 2 3 2 3 0 5 17
2 14 5 6 5 5 5 0 15
15 8 18 18 18 18 17 15 0
0 10 10 10 20 38 25 24
10 0 10 10 20 38 25 24
10 10 0 10 21 39 26 25
10 10 10 0 21 38 25 24
20 20 21 21 0 33 22 22
38 38 39 38 33 0 25 26
25 25 26 25 22 25 0 11
24 24 25 24 22 26 11 0
