7 5 250 9 91
19 12 23 12 40
34 19 49 18 88
52 39 59 38 130
35 33 74 26 107
96 84 106 50 293
6 9 15 10 41
36 34 82 23 122
18 40 58 49 116 16 53
0 16 16 16 17 17 6
16 0 5 5 6 6 15
16 5 0 5 5 5 16
16 5 5 0 6 5 16
17 6 5 6 0 6 17
17 6 5 5 6 0 16
6 15 16 16 17 16 0
0 8 28 21 27
8 0 29 23 28
28 29 0 26 7
21 23 26 0 25
27 28 7 25 0
