10 8 250 75 25
10 14 3 33 4 18 15 12
12 7 1 32 14 21 16 9
40 22 8 91 33 56 36 33
28 37 11 96 27 70 51 20
24 20 13 64 29 35 20 13
38 37 8 92 48 73 54 36
33 19 13 75 39 56 26 23
7 14 5 29 13 32 13 9
24 38 13 89 46 84 37 26
40 38 21 131 49 83 57 36
14 13 38 39 27 53 35 16 50 51
0 11 13 11 8 12 11 4 13 4
11 0 8 5 8 5 7 11 7 11
13 8 0 7 8 7 10 12 5 13
11 5 7 0 8 5 8 11 7 11
8 8 8 8 0 9 10 8 9 8
12 5 7 5 9 0 7 12 7 12
11 7 10 8 10 7 0 11 10 11
4 11 12 11 8 12 11 0 13 5
13 7 5 7 9 7 10 13 0 13
4 11 13 11 8 12 11 5 13 0
0 12 16 33 17 27 13 16
12 0 19 37 19 26 16 18
16 19 0 36 10 29 11 10
33 37 36 0 38 38 34 38
17 19 10 38 0 29 12 9
27 26 29 38 29 0 26 28
13 16 11 34 12 26 0 12
16 18 10 38 9 28 12 0
