7 7 250 11 89
33 2 13 24 11 28 5
45 5 26 42 22 45 33
139 24 70 97 67 119 70
40 15 25 48 21 27 24
66 5 35 55 33 67 33
46 12 21 24 32 42 26
34 5 11 24 10 14 14
21 45 105 40 58 42 24
0 5 9 5 6 4 5
5 0 4 5 7 4 2
9 4 0 10 11 8 4
5 5 10 0 4 2 7
6 7 11 4 0 6 9
4 4 8 2 6 0 4
5 2 4 7 9 4 0
0 17 22 12 21 10 18
17 0 13 16 13 15 18
22 13 0 25 18 18 27
12 16 25 0 19 17 10
21 13 18 19 0 21 18
10 15 18 17 21 0 22
18 18 27 10 18 22 0
