10 10 250 21 79
13 9 7 8 7 8 11 4 13 4
74 44 55 63 61 48 77 38 109 32
22 12 15 23 11 9 21 12 33 7
15 13 10 16 5 12 14 3 29 10
20 13 12 16 20 15 31 7 30 12
51 31 25 33 41 25 47 5 55 19
14 5 5 8 10 8 9 4 15 5
24 21 14 26 23 14 21 10 48 7
40 17 22 27 19 22 28 16 43 14
22 9 14 14 22 11 26 10 38 14
12 87 28 20 27 52 14 33 39 26
0 4 16 14 9 17 14 5 15 7
4 0 16 14 9 17 14 4 15 6
16 16 0 12 13 18 12 16 14 19
14 14 12 0 8 9 4 14 5 17
9 9 13 8 0 12 8 10 9 12
17 17 18 9 12 0 10 18 8 19
14 14 12 4 8 10 0 15 5 17
5 4 16 14 10 18 15 0 15 6
15 15 14 5 9 8 5 15 0 17
7 6 19 17 12 19 17 6 17 0
0 25 27 25 12 27 12 25 25 27
25 0 22 22 26 22 25 10 21 11
27 22 0 11 29 11 28 22 11 22
25 22 11 0 27 11 27 22 10 22
12 26 29 27 0 28 10 26 27 28
27 22 11 11 28 0 28 23 11 22
12 25 28 27 10 28 0 25 27 27
25 10 22 22 26 23 25 0 21 11
25 21 11 10 27 11 27 21 0 21
27 11 22 22 28 22 27 11 21 0
