9 7 250 5 95
34 26 34 21 16 7 51
11 15 16 19 9 12 27
91 48 64 54 37 33 72
53 32 38 23 32 22 67
15 13 16 16 12 7 18
19 15 12 15 9 8 19
28 17 31 18 18 24 41
39 24 35 25 14 15 53
82 74 77 63 50 25 115
30 17 61 45 18 17 27 35 76
0 3 11 11 12 4 3 12 13
3 0 11 11 12 4 4 12 13
11 11 0 11 3 10 10 3 4
11 11 11 0 11 11 12 11 12
12 12 3 11 0 11 11 4 4
4 4 10 11 11 0 3 11 12
3 4 10 12 11 3 0 11 12
12 12 3 11 4 11 11 0 3
13 13 4 12 4 12 12 3 0
0 9 20 16 12 25 12
9 0 22 15 12 24 9
20 22 0 15 28 25 22
16 15 15 0 22 29 19
12 12 28 22 0 28 13
25 24 25 29 28 0 19
12 9 22 19 13 19 0
