8 6 250 33 67
70 34 29 40 9 26
131 83 42 58 6 49
138 87 60 67 11 55
83 32 35 36 7 32
67 35 37 28 2 25
66 29 30 26 8 31
177 84 67 71 16 70
84 56 33 21 12 29
28 49 61 36 26 31 72 38
0 11 6 3 6 3 11 8
11 0 8 11 8 10 3 7
6 8 0 5 2 5 7 4
3 11 5 0 5 3 10 7
6 8 2 5 0 5 8 4
3 10 5 3 5 0 10 7
11 3 7 10 8 10 0 6
8 7 4 7 4 7 6 0
0 13 17 16 12 18
13 0 13 8 15 22
17 13 0 15 12 17
16 8 15 0 17 25
12 15 12 17 0 12
18 22 17 25 12 0
