10 8 250 48 52
29 44 22 15 20 21 15 24
65 86 67 34 38 50 37 46
60 85 39 28 38 42 50 61
35 35 22 14 20 20 25 17
31 61 35 30 21 28 36 36
60 73 35 21 37 31 32 47
67 77 62 35 42 46 43 48
31 49 37 12 26 27 25 43
164 253 191 104 122 175 118 175
39 52 41 25 31 41 27 29
18 37 30 16 26 26 32 19 109 26
0 4 12 12 11 2 8 12 8 11
4 0 10 10 10 4 6 10 9 9
12 10 0 7 15 12 10 2 15 7
12 10 7 0 11 12 8 7 13 2
11 10 15 11 0 11 10 15 7 11
2 4 12 12 11 0 8 12 9 11
8 6 10 8 10 8 0 10 11 7
12 10 2 7 15 12 10 0 15 7
8 9 15 13 7 9 11 15 0 13
11 9 7 2 11 11 7 7 13 0
0 18 15 21 11 14 24 18
18 0 21 19 18 20 26 10
15 21 0 20 15 10 21 21
21 19 20 0 21 20 18 19
11 18 15 21 0 14 24 18
14 20 10 20 14 0 21 20
24 26 21 18 24 21 0 25
18 10 21 19 18 20 25 0
