9 10 250 36 64
22 8 23 32 7 16 11 6 19 37
44 21 33 57 19 22 23 12 27 73
35 15 19 43 13 19 19 7 20 69
36 20 35 36 9 14 20 20 18 62
36 22 30 45 19 26 19 18 26 75
37 18 29 50 17 21 22 13 16 83
24 9 19 28 8 19 16 11 24 40
24 20 17 29 7 16 10 9 17 48
11 10 8 14 2 5 8 5 11 25
31 57 42 39 51 52 29 33 15
0 17 16 5 16 4 18 17 5
17 0 6 18 5 17 6 5 17
16 6 0 17 4 16 6 6 16
5 18 17 0 17 4 19 18 5
16 5 4 17 0 16 6 5 16
4 17 16 4 16 0 18 16 4
18 6 6 19 6 18 0 5 18
17 5 6 18 5 16 5 0 16
5 17 16 5 16 4 18 16 0
0 28 36 29 35 29 33 29 32 29
28 0 24 11 22 11 24 11 24 11
36 24 0 23 12 25 22 24 23 24
29 11 23 0 21 12 23 12 23 12
35 22 12 21 0 23 20 23 21 23
29 11 25 12 23 0 25 11 25 10
33 24 22 23 20 25 0 24 11 25
29 11 24 12 23 11 24 0 24 11
32 24 23 23 21 25 11 24 0 25
29 11 24 12 23 10 25 11 25 0
