8 7 250 19 81
42 64 45 79 27 30 60
51 72 55 97 27 30 78
96 95 102 163 73 56 132
79 64 56 103 54 35 75
77 105 91 131 54 50 104
56 54 45 69 30 34 71
78 69 68 117 50 44 110
58 73 60 109 50 40 93
31 39 57 41 50 34 46 38
0 12 12 6 11 13 13 6
12 0 5 13 12 17 17 13
12 5 0 13 12 17 17 13
6 13 13 0 11 13 13 5
11 12 12 11 0 11 11 11
13 17 17 13 11 0 5 13
13 17 17 13 11 5 0 13
6 13 13 5 11 13 13 0
0 16 16 17 16 14 10
16 0 10 10 14 13 16
16 10 0 10 14 13 16
17 10 10 0 14 14 16
16 14 14 14 0 16 16
14 13 13 14 16 0 14
10 16 16 16 16 14 0
