4 8 250 13 87
60 48 45 36 69 85 42 181
21 30 22 19 34 43 35 106
146 164 129 85 203 245 145 509
58 66 63 42 136 112 68 279
56 29 163 90
0 15 9 5
15 0 20 13
9 20 0 10
5 13 10 0
0 17 23 28 24 28 29 22
17 0 17 24 22 24 22 15
23 17 0 22 27 22 31 7
28 24 22 0 17 6 27 22
24 22 27 17 0 17 19 27
28 24 22 6 17 0 28 23
29 22 31 27 19 28 0 30
22 15 7 22 27 23 30 0
