6 6 250 1 99
43 86 47 66 35 40
162 247 182 171 117 134
152 229 159 187 114 122
69 123 78 79 50 54
95 155 93 88 58 75
53 79 59 67 47 43
27 101 93 42 49 33
0 10 13 12 10 2
10 0 16 16 2 10
13 16 0 2 16 13
12 16 2 0 15 12
10 2 16 15 0 10
2 10 13 12 10 0
0 11 10 29 30 33
11 0 6 31 32 36
10 6 0 31 32 36
29 31 31 0 12 12
30 32 32 12 0 11
33 36 36 12 11 0
