10 4 250 13 87
61 26 34 89
51 27 34 90
230 98 162 352
98 45 57 156
55 14 24 61
108 42 52 100
50 21 28 68
105 38 49 137
130 41 75 171
135 66 69 186
23 22 90 32 14 28 16 32 40 49
0 16 9 4 17 8 5 9 4 12
16 0 18 15 4 18 16 18 16 11
9 18 0 11 19 5 11 4 10 14
4 15 11 0 16 9 4 10 4 13
17 4 19 16 0 19 17 19 17 12
8 18 5 9 19 0 10 4 9 14
5 16 11 4 17 10 0 10 4 13
9 18 4 10 19 4 10 0 9 14
4 16 10 4 17 9 4 9 0 13
12 11 14 13 12 14 13 14 13 0
0 10 9 29
10 0 8 27
9 8 0 27
29 27 27 0
