6 9 250 11 89
18 13 11 14 10 9 21 18 5
20 32 29 13 29 26 34 44 22
24 20 18 31 30 14 37 40 26
28 34 34 28 39 17 51 50 34
33 20 33 32 33 30 33 32 30
15 24 18 16 25 9 30 23 18
32 56 62 74 73 42
0 19 9 14 10 12
19 0 9 14 7 10
9 9 0 12 5 13
14 14 12 0 3 9
10 7 5 3 0 5
12 10 13 9 5 0
0 26 25 22 26 23 26 27 10
26 0 36 32 10 28 36 36 28
25 36 0 13 35 19 9 11 25
22 32 13 0 31 15 13 14 22
26 10 35 31 0 27 35 35 27
23 28 19 15 27 0 19 19 23
26 36 9 13 35 19 0 10 26
27 36 11 14 35 19 10 0 28
10 28 25 22 27 23 26 28 0
