7 7 250 32 68
3 15 41 57 15 54 30
14 28 29 64 21 68 43
17 33 67 87 38 95 52
17 27 37 58 14 72 48
13 27 42 73 20 56 50
6 12 12 26 7 17 16
13 16 36 56 21 68 38
39 46 73 50 56 18 43
0 2 10 13 5 10 12
2 0 7 13 2 10 8
10 7 0 11 4 7 5
13 13 11 0 13 2 14
5 2 4 13 0 9 5
10 10 7 2 9 0 11
12 8 5 14 5 11 0
0 8 21 22 8 8 7
8 0 21 23 7 7 7
21 21 0 26 22 21 21
22 23 26 0 23 23 22
8 7 22 23 0 8 8
8 7 21 23 8 0 8
7 7 21 22 8 8 0
