6 8 250 14 86
174 40 44 52 43 52 28 64
252 63 66 93 67 61 44 59
488 129 155 151 96 167 81 149
73 21 20 26 21 27 12 23
425 109 136 131 95 125 64 130
219 77 81 70 64 70 40 90
38 55 102 17 94 51
0 12 15 10 15 12
12 0 15 3 16 3
15 15 0 13 2 17
10 3 13 0 14 5
15 16 2 14 0 18
12 3 17 5 18 0
0 11 17 11 11 7 15 17
11 0 19 19 9 11 11 19
17 19 0 19 22 15 27 22
11 19 19 0 19 14 22 18
11 9 22 19 0 11 8 24
7 11 15 14 11 0 15 20
15 11 27 22 8 15 0 25
17 19 22 18 24 20 25 0
