8 9 250 10 90
9 10 5 19 9 7 8 10 10
8 2 8 6 9 3 8 4 11
12 36 15 35 23 5 25 23 16
10 17 5 26 10 8 22 19 20
19 23 7 19 20 13 33 29 22
19 27 13 32 24 9 44 22 21
37 41 19 49 36 19 55 46 65
11 22 9 30 18 13 27 22 19
20 16 48 30 45 53 81 41
0 10 11 11 11 11 11 4
10 0 4 18 3 18 5 10
11 4 0 18 5 18 3 10
11 18 18 0 19 4 18 11
11 3 5 19 0 18 6 11
11 18 18 4 18 0 18 10
11 5 3 18 6 18 0 10
4 10 10 11 11 10 10 0
0 11 19 19 19 15 11 14 19
11 0 15 17 15 14 7 13 15
19 15 0 12 7 18 15 17 12
19 17 12 0 11 19 17 18 13
19 15 7 11 0 17 15 16 13
15 14 18 19 17 0 13 7 21
11 7 15 17 15 13 0 12 16
14 13 17 18 16 7 12 0 20
19 15 12 13 13 21 16 20 0
