9 6 250 16 84
21 22 8 65 41 17
20 16 10 85 46 14
62 48 20 155 122 36
18 23 7 60 39 14
56 58 36 214 141 49
46 39 9 125 84 43
58 46 16 169 108 50
19 22 8 74 48 18
17 15 8 79 61 27
23 24 53 20 69 47 59 25 25
0 10 9 19 14 17 19 3 10
10 0 8 16 8 14 16 10 9
9 8 0 18 12 17 18 9 2
19 16 18 0 10 4 2 18 18
14 8 12 10 0 8 9 13 12
17 14 17 4 8 0 3 16 16
19 16 18 2 9 3 0 18 17
3 10 9 18 13 16 18 0 9
10 9 2 18 12 16 17 9 0
0 26 26 10 27 26
26 0 14 25 10 19
26 14 0 25 15 21
10 25 25 0 26 25
27 10 15 26 0 19
26 19 21 25 19 0
