8 5 250 48 52
23 40 141 96 63
36 53 177 103 79
54 89 259 164 130
37 34 152 84 74
74 128 408 251 203
66 98 291 181 129
34 38 126 102 61
79 112 344 196 153
27 31 49 24 73 54 23 55
0 15 10 10 10 5 9 10
15 0 15 17 17 15 16 17
10 15 0 12 13 10 11 7
10 17 12 0 7 10 7 12
10 17 13 7 0 10 7 13
5 15 10 10 10 0 8 10
9 16 11 7 7 8 0 12
10 17 7 12 13 10 12 0
0 18 9 20 19
18 0 18 11 11
9 18 0 20 19
20 11 20 0 10
19 11 19 10 0
