10 10 250 21 79
37 27 24 58 22 39 61 60 25 20
46 26 38 99 33 71 65 74 29 47
114 51 93 188 57 100 142 175 81 101
38 12 34 77 11 58 45 73 18 34
47 24 27 69 19 42 49 57 35 42
25 16 26 50 10 38 37 39 17 24
78 26 47 115 30 65 90 106 40 52
21 8 18 34 8 26 25 38 10 18
37 13 24 66 14 34 41 61 24 42
16 13 19 35 8 25 25 46 19 23
26 38 91 29 33 21 50 16 27 17
0 14 13 17 9 20 13 20 20 19
14 0 5 8 11 6 11 10 6 16
13 5 0 9 12 8 11 9 11 18
17 8 9 0 10 11 6 6 10 11
9 11 12 10 0 17 5 15 15 10
20 6 8 11 17 0 15 9 4 20
13 11 11 6 5 15 0 11 14 7
20 10 9 6 15 9 11 0 11 16
20 6 11 10 15 4 14 11 0 18
19 16 18 11 10 20 7 16 18 0
0 9 18 18 17 14 12 18 18 17
9 0 12 17 14 10 8 14 15 13
18 12 0 20 15 11 12 12 16 11
18 17 20 0 12 14 14 19 10 19
17 14 15 12 0 13 11 12 12 18
14 10 11 14 13 0 8 15 10 9
12 8 12 14 11 8 0 13 12 12
18 14 12 19 12 15 13 0 18 18
18 15 16 10 12 10 12 18 0 14
17 13 11 19 18 9 12 18 14 0
