10 5 250 32 68
37 27 9 42 35
15 9 5 17 7
107 67 31 83 85
85 26 27 56 53
35 16 9 37 48
91 41 26 72 85
57 30 22 68 74
44 17 8 29 33
59 31 27 66 78
52 29 18 38 42
27 9 64 41 23 56 37 21 45 31
0 12 12 5 13 4 12 12 13 14
12 0 3 13 3 14 3 4 3 3
12 3 0 12 4 14 2 6 3 4
5 13 12 0 14 6 12 13 13 15
13 3 4 14 0 15 4 5 3 2
4 14 14 6 15 0 14 14 14 16
12 3 2 12 4 14 0 5 3 3
12 4 6 13 5 14 5 0 5 5
13 3 3 13 3 14 3 5 0 3
14 3 4 15 2 16 3 5 3 0
0 20 13 9 13
20 0 21 20 20
13 21 0 13 9
9 20 13 0 13
13 20 9 13 0
