8 10 250 8 92
22 12 19 7 4 9 8 26 23 9
24 27 20 3 7 16 12 30 22 12
82 71 58 26 14 46 23 93 85 37
31 25 25 11 11 28 12 38 27 19
16 11 15 3 7 5 11 23 20 11
18 21 12 5 11 18 9 20 25 12
16 24 22 5 7 12 13 37 27 19
31 26 31 3 7 25 13 38 25 24
26 32 95 45 26 32 36 46
0 16 14 5 14 5 15 15
16 0 6 17 6 16 6 5
14 6 0 15 5 15 5 6
5 17 15 0 16 5 16 16
14 6 5 16 0 15 5 5
5 16 15 5 15 0 15 15
15 6 5 16 5 15 0 5
15 5 6 16 5 15 5 0
0 16 17 22 16 15 23 23 11 17
16 0 11 20 12 12 21 21 16 11
17 11 0 21 11 13 21 22 17 10
22 20 21 0 20 18 11 11 21 20
16 12 11 20 0 12 20 21 16 11
15 12 13 18 12 0 19 20 14 13
23 21 21 11 20 19 0 11 22 21
23 21 22 11 21 20 11 0 22 21
11 16 17 21 16 14 22 22 0 16
17 11 10 20 11 13 21 21 16 0
