9 6 250 7 93
12 21 10 31 6 10
7 23 23 35 8 9
39 54 36 58 18 33
28 53 52 54 22 32
27 40 25 54 20 30
48 82 65 104 34 53
16 33 22 34 8 15
21 33 27 29 7 14
28 65 23 57 19 23
20 19 49 46 37 74 25 27 38
0 6 16 6 16 17 5 6 6
6 0 18 6 17 18 6 6 7
16 18 0 17 6 5 17 17 16
6 6 17 0 16 18 5 6 6
16 17 6 16 0 6 16 16 15
17 18 5 18 6 0 17 17 16
5 6 17 5 16 17 0 5 5
6 6 17 6 16 17 5 0 6
6 7 16 6 15 16 5 6 0
0 35 36 7 31 8
35 0 8 36 27 34
36 8 0 37 28 36
7 36 37 0 32 8
31 27 28 32 0 31
8 34 36 8 31 0
