4 7 250 16 84
35 37 25 34 21 38 54
44 30 13 38 32 43 44
57 60 44 79 53 43 74
31 33 19 35 19 32 37
70 78 123 67
0 15 20 12
15 0 16 2
20 16 0 7
12 2 7 0
0 17 12 13 13 17 16
17 0 14 13 12 12 7
12 14 0 6 6 11 13
13 13 6 0 6 10 13
13 12 6 6 0 10 12
17 12 11 10 10 0 13
16 7 13 13 12 13 0
