10 7 250 16 84
17 25 30 20 39 8 7
68 98 120 68 153 27 35
38 46 59 31 58 17 15
42 53 60 34 73 35 25
36 36 61 33 63 27 20
36 74 72 39 74 20 21
47 50 93 43 74 35 18
17 33 39 23 26 13 9
15 35 47 21 37 15 11
56 76 100 52 89 31 18
16 61 27 39 34 39 43 17 19 47
0 18 18 4 11 11 11 4 4 17
18 0 3 17 10 10 10 17 18 4
18 3 0 17 9 9 10 17 18 4
4 17 17 0 11 11 11 4 4 17
11 10 9 11 0 3 3 11 11 9
11 10 9 11 3 0 3 11 11 9
11 10 10 11 3 3 0 11 11 9
4 17 17 4 11 11 11 0 4 17
4 18 18 4 11 11 11 4 0 17
17 4 4 17 9 9 9 17 17 0
0 11 13 15 17 12 15
11 0 11 17 17 14 14
13 11 0 15 15 13 10
15 17 15 0 14 11 15
17 17 15 14 0 15 14
12 14 13 11 15 0 13
15 14 10 15 14 13 0
