9 9 250 2 98
3 21 4 3 18 17 3 11 30
73 252 72 67 190 182 66 110 221
10 43 7 8 38 18 13 8 36
4 43 11 11 31 17 7 17 29
17 42 11 13 49 27 15 24 60
3 9 1 4 9 4 3 4 7
13 39 9 6 31 26 11 18 36
33 97 21 35 87 66 19 44 103
4 24 8 9 18 16 8 8 24
14 150 20 19 30 6 23 59 15
0 10 5 11 5 11 10 13 11
10 0 9 8 10 9 5 10 9
5 9 0 11 6 11 10 13 11
11 8 11 0 12 9 8 8 9
5 10 6 12 0 11 11 14 11
11 9 11 9 11 0 9 9 5
10 5 10 8 11 9 0 10 9
13 10 13 8 14 9 10 0 8
11 9 11 9 11 5 9 8 0
0 20 21 19 20 21 21 21 9
20 0 7 28 28 9 29 29 17
21 7 0 31 30 7 32 32 18
19 28 31 0 7 32 7 6 21
20 28 30 7 0 32 6 6 23
21 9 7 32 32 0 33 33 17
21 29 32 7 6 33 0 6 23
21 29 32 6 6 33 6 0 23
9 17 18 21 23 17 23 23 0
