7 9 250 1 99
31 13 15 12 21 19 24 15 8
40 21 15 24 30 25 24 20 21
82 28 30 41 79 59 48 47 40
28 17 15 6 16 13 11 12 5
63 31 52 43 62 52 48 32 43
60 21 38 33 57 45 38 27 17
26 7 13 13 14 16 15 10 9
29 42 79 23 85 66 25
0 5 11 9 10 10 10
5 0 11 9 11 9 9
11 11 0 14 4 15 14
9 9 14 0 14 4 4
10 11 4 14 0 14 13
10 9 15 4 14 0 5
10 9 14 4 13 5 0
0 11 13 11 17 13 26 13 12
11 0 11 10 17 11 25 12 10
13 11 0 11 19 10 25 10 11
11 10 11 0 18 11 25 12 10
17 17 19 18 0 19 23 20 18
13 11 10 11 19 0 25 10 11
26 25 25 25 23 25 0 26 26
13 12 10 12 20 10 26 0 11
12 10 11 10 18 11 26 11 0
