8 10 250 42 58
35 22 12 59 11 26 22 34 18 10
18 14 5 17 4 11 11 16 3 12
48 44 20 65 27 35 59 55 26 19
90 81 35 136 47 68 104 119 58 35
19 20 13 31 6 20 26 20 13 11
42 23 7 41 16 28 33 32 10 9
15 17 10 33 10 13 23 20 8 12
24 27 10 44 21 28 27 28 12 13
32 16 56 114 25 36 26 33
0 8 9 4 9 9 9 12
8 0 8 6 5 5 6 7
9 8 0 8 5 6 4 10
4 6 8 0 7 7 7 11
9 5 5 7 0 3 3 7
9 5 6 7 3 0 4 7
9 6 4 7 3 4 0 8
12 7 10 11 7 7 8 0
0 10 11 14 12 12 10 10 14 11
10 0 14 16 15 8 14 11 15 15
11 14 0 12 8 15 10 10 10 10
14 16 12 0 12 17 14 11 10 15
12 15 8 12 0 16 10 11 10 10
12 8 15 17 16 0 15 13 16 16
10 14 10 14 10 15 0 11 13 7
10 11 10 11 11 13 11 0 11 12
14 15 10 10 10 16 13 11 0 14
11 15 10 15 10 16 7 12 14 0
