9 8 250 20 80
24 12 26 46 51 42 18 26
60 26 64 130 107 65 44 43
47 16 47 103 84 54 24 32
43 22 54 102 100 63 32 47
36 22 48 72 97 59 35 33
46 16 43 87 85 46 24 38
38 14 48 80 63 51 24 27
24 15 35 50 53 43 18 28
47 10 36 70 67 39 22 36
24 55 40 50 44 40 35 26 32
0 8 7 8 9 9 11 6 9
8 0 5 7 10 4 7 6 7
7 5 0 7 10 5 9 6 8
8 7 7 0 6 8 7 5 5
9 10 10 6 0 12 9 7 7
9 4 5 8 12 0 8 7 8
11 7 9 7 9 8 0 7 5
6 6 6 5 7 7 7 0 6
9 7 8 5 7 8 5 6 0
0 14 14 8 14 15 17 8
14 0 8 14 20 21 21 14
14 8 0 14 20 21 21 14
8 14 14 0 14 15 16 8
14 20 20 14 0 8 13 14
15 21 21 15 8 0 14 14
17 21 21 16 13 14 0 16
8 14 14 8 14 14 16 0
