8 9 250 15 85
28 37 16 28 64 15 22 25 30
59 79 29 52 127 21 39 88 36
100 114 52 71 172 41 47 71 58
34 29 14 18 42 15 23 29 16
61 63 38 51 106 35 41 56 48
68 61 35 47 105 22 35 57 36
64 65 22 42 95 10 20 57 32
53 42 35 29 63 16 39 37 41
28 56 74 20 54 42 36 34
0 14 13 13 16 5 16 16
14 0 13 13 12 14 12 12
13 13 0 5 9 12 9 8
13 13 5 0 9 12 9 9
16 12 9 9 0 16 5 5
5 14 12 12 16 0 16 15
16 12 9 9 5 16 0 5
16 12 8 9 5 15 5 0
0 14 16 15 15 16 15 14 12
14 0 14 17 11 14 16 8 13
16 14 0 11 10 7 11 14 12
15 17 11 0 13 11 7 17 12
15 11 10 13 0 10 13 11 11
16 14 7 11 10 0 11 14 11
15 16 11 7 13 11 0 16 11
14 8 14 17 11 14 16 0 12
12 13 12 12 11 11 11 12 0
