9 4 250 72 28
111 21 58 25
115 20 34 25
224 43 92 67
165 19 53 54
136 25 62 37
101 20 40 25
69 16 36 25
107 25 61 46
205 41 88 58
31 27 64 42 38 28 20 33 56
0 2 15 15 12 2 11 12 2
2 0 15 15 12 2 11 12 2
15 15 0 2 8 15 8 8 14
15 15 2 0 8 15 8 8 14
12 12 8 8 0 12 2 2 12
2 2 15 15 12 0 11 12 2
11 11 8 8 2 11 0 2 11
12 12 8 8 2 12 2 0 12
2 2 14 14 12 2 11 12 0
0 12 24 9
12 0 27 12
24 27 0 24
9 12 24 0
