5 8 250 21 79
15 11 24 21 24 22 8 18
29 21 33 42 40 22 16 27
29 33 54 62 51 28 20 36
21 24 40 24 32 18 18 26
8 18 23 27 17 13 6 22
52 75 105 65 45
0 17 6 14 5
17 0 17 9 16
6 17 0 15 5
14 9 15 0 14
5 16 5 14 0
0 10 13 12 15 12 12 14
10 0 10 13 16 10 12 14
13 10 0 13 17 7 14 14
12 13 13 0 10 12 13 9
15 16 17 10 0 16 15 10
12 10 7 12 16 0 13 13
12 12 14 13 15 13 0 15
14 14 14 9 10 13 15 0
