9 9 250 24 76
6 9 8 13 7 3 8 3 1
7 25 13 16 8 5 13 2 4
37 47 31 30 15 12 37 14 7
44 55 26 31 21 9 31 30 15
32 32 31 23 12 20 23 14 5
17 36 20 20 12 10 22 7 1
13 12 10 11 4 7 7 2 1
28 34 23 15 19 4 30 18 5
27 49 26 28 18 8 27 15 12
14 21 56 56 42 34 16 42 54
0 6 10 3 6 6 4 10 6
6 0 8 6 3 3 6 9 3
10 8 0 10 9 9 11 3 9
3 6 10 0 6 6 3 10 6
6 3 9 6 0 3 6 9 3
6 3 9 6 3 0 6 9 3
4 6 11 3 6 6 0 11 6
10 9 3 10 9 9 11 0 9
6 3 9 6 3 3 6 9 0
0 34 35 36 35 11 11 36 13
34 0 10 11 11 33 33 12 33
35 10 0 11 11 34 33 12 34
36 11 11 0 11 35 34 11 35
35 11 11 11 0 34 34 11 34
11 33 34 35 34 0 10 35 11
11 33 33 34 34 10 0 35 12
36 12 12 11 11 35 35 0 35
13 33 34 35 34 11 12 35 0
