8 7 250 13 87
17 63 69 79 19 26 45
4 23 24 26 9 10 16
50 156 148 238 46 69 82
6 31 23 38 11 18 15
23 100 108 156 24 50 59
27 74 79 121 26 23 43
9 28 31 33 9 20 21
17 72 57 88 25 36 31
43 13 105 16 70 44 19 39
0 7 12 14 9 7 12 6
7 0 7 12 5 3 9 3
12 7 0 14 5 8 8 8
14 12 14 0 13 10 9 11
9 5 5 13 0 5 8 5
7 3 8 10 5 0 8 2
12 9 8 9 8 8 0 8
6 3 8 11 5 2 8 0
0 22 22 19 22 26 8
22 0 12 10 6 13 21
22 12 0 12 12 19 22
19 10 12 0 10 16 18
22 6 12 10 0 12 21
26 13 19 16 12 0 25
8 21 22 18 21 25 0
