8 7 250 32 68
20 20 20 6 5 8 16
12 17 18 7 6 2 16
21 68 44 16 13 18 32
32 79 69 18 20 19 49
20 38 47 10 19 13 26
31 69 73 13 18 22 28
66 135 127 27 30 41 80
44 102 93 26 28 27 72
17 14 37 52 27 41 91 67
0 13 11 6 6 4 13 13
13 0 13 11 11 13 3 3
11 13 0 12 11 9 13 13
6 11 12 0 4 6 11 11
6 11 11 4 0 6 11 11
4 13 9 6 6 0 13 13
13 3 13 11 11 13 0 3
13 3 13 11 11 13 3 0
0 25 27 6 6 27 8
25 0 8 25 26 8 22
27 8 0 28 28 6 25
6 25 28 0 6 27 8
6 26 28 6 0 28 9
27 8 6 27 28 0 24
8 22 25 8 9 24 0
