10 7 250 15 85
14 15 17 21 23 36 10
10 13 12 14 17 17 8
25 37 24 64 48 72 36
20 35 14 39 28 53 29
15 19 9 18 17 30 11
28 24 24 44 37 48 27
19 29 13 50 31 45 33
9 10 10 14 23 20 11
33 27 33 51 48 81 22
17 19 9 17 14 20 9
26 18 63 41 22 40 44 17 61 18
0 9 4 8 11 4 7 8 9 8
9 0 9 8 6 9 8 10 4 10
4 9 0 8 11 4 7 8 9 7
8 8 8 0 9 8 6 9 8 9
11 6 11 9 0 11 9 11 6 11
4 9 4 8 11 0 8 8 9 8
7 8 7 6 9 8 0 7 8 7
8 10 8 9 11 8 7 0 10 4
9 4 9 8 6 9 8 10 0 10
8 10 7 9 11 8 7 4 10 0
0 10 11 13 28 29 12
10 0 11 12 30 31 11
11 11 0 9 32 33 10
13 12 9 0 33 34 9
28 30 32 33 0 9 31
29 31 33 34 9 0 32
12 11 10 9 31 32 0
