7 5 250 26 74
30 82 132 64 120
22 96 112 43 108
43 148 170 98 202
20 80 116 57 90
59 191 246 108 273
39 111 123 64 145
60 115 153 80 186
40 32 60 34 71 46 59
0 4 12 8 10 13 13
4 0 13 9 12 14 15
12 13 0 7 11 3 15
8 9 7 0 7 8 12
10 12 11 7 0 12 7
13 14 3 8 12 0 16
13 15 15 12 7 16 0
0 26 7 8 8
26 0 26 26 27
7 26 0 7 7
8 26 7 0 8
8 27 7 8 0
