7 5 250 8 92
39 21 45 15 30
153 85 174 71 140
92 50 94 31 67
149 71 151 51 115
165 63 173 53 135
64 26 74 12 53
23 10 31 16 27
21 78 45 65 70 29 15
0 10 10 8 8 14 8
10 0 5 10 11 12 11
10 5 0 10 10 12 10
8 10 10 0 5 15 5
8 11 10 5 0 15 5
14 12 12 15 15 0 15
8 11 10 5 5 15 0
0 36 36 35 35
36 0 10 8 22
36 10 0 8 23
35 8 8 0 22
35 22 23 22 0
