6 5 250 3 97
19 28 29 71 25
50 44 65 121 41
56 79 71 158 79
121 155 154 372 163
79 91 100 220 98
132 164 146 307 154
17 36 41 95 53 85
0 14 5 8 10 7
14 0 16 13 17 17
5 16 0 10 11 7
8 13 10 0 12 9
10 17 11 12 0 8
7 17 7 9 8 0
0 18 10 16 10
18 0 18 12 18
10 18 0 16 10
16 12 16 0 16
10 18 10 16 0
