10 9 250 22 78
57 13 27 34 10 39 15 15 11
50 18 22 8 16 19 11 14 13
231 70 103 78 38 114 48 57 63
67 26 19 27 19 31 17 16 28
119 36 60 40 32 37 37 44 36
140 46 73 56 25 71 27 35 38
124 40 58 65 33 57 36 41 50
158 53 69 68 34 63 29 44 41
55 21 33 23 16 24 13 16 20
122 55 54 42 36 59 16 45 29
20 15 71 23 38 38 41 41 18 40
0 3 5 11 5 5 5 11 11 10
3 0 4 10 4 5 4 10 10 10
5 4 0 8 6 6 3 10 10 8
11 10 8 0 8 8 8 6 6 2
5 4 6 8 0 3 4 9 9 8
5 5 6 8 3 0 5 9 10 8
5 4 3 8 4 5 0 9 9 8
11 10 10 6 9 9 9 0 2 6
11 10 10 6 9 10 9 2 0 7
10 10 8 2 8 8 8 6 7 0
0 13 11 13 11 10 13 8 20
13 0 11 7 11 15 14 15 22
11 11 0 11 7 12 10 13 18
13 7 11 0 11 15 13 15 22
11 11 7 11 0 12 11 13 18
10 15 12 15 12 0 12 9 18
13 14 10 13 11 12 0 14 17
8 15 13 15 13 9 14 0 20
20 22 18 22 18 18 17 20 0
