9 6 250 22 78
28 34 36 77 33 20
47 60 61 148 60 51
54 74 51 129 61 45
74 102 84 179 83 78
126 151 98 300 133 95
95 112 97 233 92 75
32 42 28 83 32 34
32 50 43 95 47 30
34 42 37 114 36 24
19 37 34 55 77 55 22 27 25
0 7 15 11 4 11 15 7 4
7 0 15 9 6 9 15 4 7
15 15 0 18 16 18 4 14 15
11 9 18 0 10 4 18 10 11
4 6 16 10 0 10 16 7 4
11 9 18 4 10 0 18 10 11
15 15 4 18 16 18 0 14 15
7 4 14 10 7 10 14 0 7
4 7 15 11 4 11 15 7 0
0 21 16 17 16 16
21 0 19 19 19 20
16 19 0 9 20 20
17 19 9 0 21 21
16 19 20 21 0 10
16 20 20 21 10 0
