4 10 250 2 98
50 26 60 37 76 46 78 97 35 56
20 11 22 19 54 28 52 52 22 20
84 43 67 75 122 85 138 137 41 72
103 46 88 71 143 115 157 139 58 82
64 37 112 112
0 16 3 3
16 0 16 16
3 16 0 3
3 16 3 0
0 28 29 11 27 11 27 23 11 11
28 0 11 29 10 29 11 34 30 28
29 11 0 30 10 29 12 34 30 28
11 29 30 0 29 10 28 22 11 12
27 10 10 29 0 28 10 33 29 27
11 29 29 10 28 0 28 22 11 11
27 11 12 28 10 28 0 34 29 27
23 34 34 22 33 22 34 0 21 21
11 30 30 11 29 11 29 21 0 10
11 28 28 12 27 11 27 21 10 0
