10 9 250 26 74
22 36 15 43 24 36 35 32 68
18 29 9 47 13 22 30 24 52
76 135 52 155 84 101 128 73 173
24 36 15 49 24 39 40 22 58
35 68 17 84 48 51 67 55 112
33 38 7 42 35 42 39 24 51
64 87 24 105 46 76 103 61 132
91 107 42 147 79 103 124 86 180
13 23 10 28 12 19 21 24 37
20 32 13 32 26 28 28 24 54
22 19 72 24 43 21 53 68 13 17
0 15 14 12 4 4 11 10 11 10
15 0 16 9 15 15 16 9 12 15
14 16 0 12 14 14 7 11 9 8
12 9 12 0 12 12 12 7 10 12
4 15 14 12 0 4 10 10 11 10
4 15 14 12 4 0 11 11 11 10
11 16 7 12 10 11 0 10 8 4
10 9 11 7 10 11 10 0 7 9
11 12 9 10 11 11 8 7 0 7
10 15 8 12 10 10 4 9 7 0
0 27 27 6 26 7 29 27 26
27 0 7 26 7 26 7 29 7
27 7 0 26 7 26 8 28 8
6 26 26 0 25 7 28 27 25
26 7 7 25 0 25 8 28 7
7 26 26 7 25 0 27 26 25
29 7 8 28 8 27 0 30 8
27 29 28 27 28 26 30 0 28
26 7 8 25 7 25 8 28 0
