10 4 250 6 94
12 7 16 11
10 10 22 6
36 14 46 24
21 9 33 15
88 49 88 40
27 19 32 20
21 20 41 25
23 9 28 18
22 20 27 18
32 11 28 26
15 16 42 29 93 36 39 28 28 33
0 8 8 14 7 14 14 14 14 15
8 0 3 12 9 11 10 12 10 12
8 3 0 12 9 11 9 12 10 11
14 12 12 0 13 9 9 4 9 9
7 9 9 13 0 13 13 13 13 13
14 11 11 9 13 0 5 9 5 4
14 10 9 9 13 5 0 9 4 6
14 12 12 4 13 9 9 0 9 9
14 10 10 9 13 5 4 9 0 5
15 12 11 9 13 4 6 9 5 0
0 19 16 25
19 0 7 14
16 7 0 15
25 14 15 0
