10 6 250 15 85
19 76 31 30 15 43
33 101 33 67 15 67
54 179 92 110 41 103
44 92 25 53 16 53
35 77 52 49 21 64
45 143 51 75 42 65
34 96 36 60 24 55
65 231 84 144 45 123
47 111 30 56 18 65
27 131 44 66 38 73
18 29 48 24 27 42 30 68 31 35
0 14 14 5 11 7 8 9 8 8
14 0 5 15 15 16 14 17 16 14
14 5 0 14 15 15 14 17 16 14
5 15 14 0 11 7 8 9 8 8
11 15 15 11 0 12 13 14 12 14
7 16 15 7 12 0 11 6 5 11
8 14 14 8 13 11 0 12 11 5
9 17 17 9 14 6 12 0 6 13
8 16 16 8 12 5 11 6 0 11
8 14 14 8 14 11 5 13 11 0
0 11 18 11 15 11
11 0 19 11 16 10
18 19 0 21 12 20
11 11 21 0 18 9
15 16 12 18 0 17
11 10 20 9 17 0
