4 7 250 20 80
9 17 37 17 45 52 45
7 29 48 22 49 66 64
45 59 154 62 189 175 139
17 32 67 29 71 74 75
41 60 162 71
0 15 14 4
15 0 15 9
14 15 0 14
4 9 14 0
0 27 24 16 16 12 25
27 0 10 25 24 27 10
24 10 0 22 21 24 8
16 25 22 0 9 13 22
16 24 21 9 0 14 21
12 27 24 13 14 0 24
25 10 8 22 21 24 0
