4 9 250 11 89
53 38 59 105 171 62 110 49 61
78 66 84 109 228 83 127 60 70
189 183 225 326 674 242 392 150 209
38 38 67 66 126 65 82 42 40
53 59 202 37
0 9 3 5
9 0 14 4
3 14 0 13
5 4 13 0
0 17 6 18 22 8 25 18 30
17 0 18 6 30 18 33 6 37
6 18 0 19 21 6 26 19 31
18 6 19 0 32 20 32 6 37
22 30 21 32 0 20 39 31 38
8 18 6 20 20 0 28 19 33
25 33 26 32 39 28 0 33 23
18 6 19 6 31 19 33 0 37
30 37 31 37 38 33 23 37 0
