10 7 250 1 99
11 15 2 9 9 16 13
10 10 0 5 9 14 10
28 49 8 10 25 26 31
19 33 5 16 24 23 26
8 1 0 2 6 4 4
8 16 3 7 7 10 22
22 34 9 12 14 18 33
15 23 3 6 18 16 13
25 51 7 24 44 37 61
18 26 8 15 19 28 28
24 18 48 43 8 21 40 29 65 45
0 15 8 15 18 7 8 5 6 15
15 0 13 5 11 13 14 15 15 5
8 13 0 14 17 6 5 7 7 14
15 5 14 0 11 14 15 15 15 5
18 11 17 11 0 16 18 17 17 10
7 13 6 14 16 0 7 6 6 14
8 14 5 15 18 7 0 7 7 14
5 15 7 15 17 6 7 0 5 15
6 15 7 15 17 6 7 5 0 15
15 5 14 5 10 14 14 15 15 0
0 14 18 24 24 7 15
14 0 12 18 18 15 7
18 12 0 19 19 18 12
24 18 19 0 6 25 18
24 18 19 6 0 25 18
7 15 18 25 25 0 15
15 7 12 18 18 15 0
