7 5 250 12 88
88 53 57 57 58
164 92 121 98 100
172 108 127 146 125
171 121 160 150 153
176 110 141 145 134
175 106 101 117 125
177 95 138 128 143
24 40 50 65 61 52 52
0 10 10 5 15 5 14
10 0 11 11 16 10 17
10 11 0 11 10 10 19
5 11 11 0 15 5 12
15 16 10 15 0 14 20
5 10 10 5 14 0 14
14 17 19 12 20 14 0
0 32 35 11 20
32 0 10 33 35
35 10 0 36 38
11 33 36 0 22
20 35 38 22 0
