8 5 250 10 90
87 23 30 45 29
104 37 63 87 55
154 43 90 123 85
63 17 29 45 25
30 12 18 21 14
69 34 31 53 31
81 27 42 49 32
52 11 36 42 27
41 67 85 35 16 34 45 28
0 16 9 15 13 13 15 3
16 0 13 3 8 8 3 16
9 13 0 12 8 9 12 9
15 3 12 0 8 7 2 15
13 8 8 8 0 3 8 13
13 8 9 7 3 0 7 13
15 3 12 2 8 7 0 15
3 16 9 15 13 13 15 0
0 6 12 12 18
6 0 12 12 18
12 12 0 15 16
12 12 15 0 21
18 18 16 21 0
