10 10 250 92 8
17 19 35 14 24 23 19 19 23 30
16 11 52 15 29 30 21 14 29 25
32 56 87 38 45 61 38 32 60 64
15 20 41 13 14 21 11 13 42 24
7 9 23 13 9 12 4 7 8 11
26 30 86 38 26 32 22 36 52 34
10 11 28 7 11 15 11 9 21 18
16 25 49 20 23 31 21 13 42 26
26 35 96 46 39 49 27 28 61 50
56 66 125 40 54 59 35 38 82 58
24 27 58 22 12 41 16 27 51 68
0 4 10 4 10 7 4 6 7 7
4 0 10 4 10 7 4 6 7 7
10 10 0 10 4 10 10 8 10 11
4 4 10 0 10 7 4 6 7 7
10 10 4 10 0 10 10 8 11 11
7 7 10 7 10 0 7 7 4 4
4 4 10 4 10 7 0 6 7 7
6 6 8 6 8 7 6 0 7 7
7 7 10 7 11 4 7 7 0 4
7 7 11 7 11 4 7 7 4 0
0 35 13 36 36 36 35 35 35 15
35 0 29 7 7 8 7 8 7 28
13 29 0 30 30 29 29 29 29 9
36 7 30 0 7 7 7 9 7 28
36 7 30 7 0 8 7 9 8 28
36 8 29 7 8 0 8 8 7 28
35 7 29 7 7 8 0 8 7 28
35 8 29 9 9 8 8 0 8 27
35 7 29 7 8 7 7 8 0 28
15 28 9 28 28 28 28 27 28 0
