8 8 250 2 98
41 13 15 33 32 29 40 15
92 45 35 112 75 69 107 63
71 34 46 83 81 40 99 38
27 16 17 36 44 25 52 18
29 17 20 35 38 23 44 14
37 13 25 38 35 25 45 11
98 53 45 126 86 71 114 60
67 20 27 56 51 23 63 19
28 72 59 25 24 24 68 37
0 9 8 10 9 5 11 5
9 0 5 11 6 9 7 8
8 5 0 11 6 8 7 8
10 11 11 0 12 10 12 10
9 6 6 12 0 9 6 9
5 9 8 10 9 0 10 5
11 7 7 12 6 10 0 10
5 8 8 10 9 5 10 0
0 25 30 24 17 16 23 22
25 0 21 9 32 30 37 10
30 21 0 23 32 31 36 22
24 9 23 0 31 30 36 9
17 32 32 31 0 8 13 29
16 30 31 30 8 0 14 28
23 37 36 36 13 14 0 34
22 10 22 9 29 28 34 0
