5 9 250 11 89
111 68 66 223 82 61 35 111 53
149 101 78 272 52 60 50 153 67
200 145 114 392 95 116 87 225 72
91 54 53 172 42 43 35 85 29
78 54 26 131 28 32 28 70 43
69 76 117 53 42
0 5 12 7 7
5 0 9 6 8
12 9 0 11 15
7 6 11 0 7
7 8 15 7 0
0 10 17 20 20 23 19 18 19
10 0 16 19 19 23 19 18 19
17 16 0 15 15 20 14 12 14
20 19 15 0 9 21 10 13 10
20 19 15 9 0 21 10 13 10
23 23 20 21 21 0 21 20 20
19 19 14 10 10 21 0 12 10
18 18 12 13 13 20 12 0 12
19 19 14 10 10 20 10 12 0
