9 4 250 37 63
24 13 12 15
72 28 54 40
88 38 47 55
27 8 16 13
20 17 11 11
33 5 12 13
54 21 32 31
42 13 16 22
40 22 17 28
20 65 82 20 20 20 50 33 37
0 14 12 2 16 15 13 7 2
14 0 19 14 9 2 3 12 14
12 19 0 12 19 20 18 11 13
2 14 12 0 16 15 14 8 2
16 9 19 16 0 9 8 16 16
15 2 20 15 9 0 3 13 15
13 3 18 14 8 3 0 12 13
7 12 11 8 16 13 12 0 8
2 14 13 2 16 15 13 8 0
0 25 9 26
25 0 24 9
9 24 0 25
26 9 25 0
