9 6 250 37 63
7 24 8 42 15 13
19 39 15 74 17 22
28 68 20 93 28 24
18 30 21 92 19 27
22 40 21 71 30 31
8 28 18 49 15 14
19 43 13 78 24 41
47 89 43 173 54 43
11 25 11 39 15 11
19 36 51 35 36 26 42 85 22
0 2 5 5 5 2 3 12 5
2 0 5 5 5 2 2 12 4
5 5 0 2 2 5 4 13 2
5 5 2 0 2 5 4 12 2
5 5 2 2 0 4 4 12 2
2 2 5 5 4 0 2 12 4
3 2 4 4 4 2 0 11 4
12 12 13 12 12 12 11 0 12
5 4 2 2 2 4 4 12 0
0 22 20 24 8 21
22 0 22 37 21 22
20 22 0 26 20 7
24 37 26 0 25 27
8 21 20 25 0 21
21 22 7 27 21 0
