10 10 250 22 78
8 3 1 17 12 6 11 13 4 10
12 8 15 34 31 13 27 25 10 28
12 6 6 28 25 10 17 31 18 30
14 11 5 36 35 9 38 33 15 47
28 16 15 54 36 13 45 36 15 41
15 4 9 24 28 3 21 15 7 32
11 9 7 19 18 6 19 19 10 25
5 3 2 20 18 6 14 9 1 19
7 4 4 12 12 4 12 10 3 17
13 12 8 33 38 12 32 30 5 29
17 41 38 44 58 30 29 21 16 38
0 4 4 10 5 5 8 6 5 4
4 0 4 10 5 5 8 6 5 5
4 4 0 10 4 5 8 6 4 5
10 10 10 0 9 9 6 9 9 11
5 5 4 9 0 4 8 5 4 5
5 5 5 9 4 0 8 6 4 5
8 8 8 6 8 8 0 7 8 9
6 6 6 9 5 6 7 0 5 6
5 5 4 9 4 4 8 5 0 5
4 5 5 11 5 5 9 6 5 0
0 34 11 25 9 33 34 26 25 28
34 0 33 36 34 11 11 21 37 39
11 33 0 26 11 32 34 25 26 29
25 36 26 0 25 35 36 33 10 12
9 34 11 25 0 33 35 26 25 28
33 11 32 35 33 0 11 21 36 38
34 11 34 36 35 11 0 22 37 39
26 21 25 33 26 21 22 0 34 35
25 37 26 10 25 36 37 34 0 12
28 39 29 12 28 38 39 35 12 0
