9 9 250 5 95
8 10 0 13 9 5 9 0 7
171 136 35 126 85 73 145 42 81
69 45 16 42 40 34 72 19 49
49 39 9 25 31 18 29 15 23
36 27 9 21 40 27 24 11 20
12 9 3 12 3 7 9 9 6
54 31 12 26 26 19 28 12 18
56 40 13 42 36 29 37 14 27
130 117 30 85 74 56 101 34 65
7 107 41 27 24 8 23 31 77
0 9 9 4 10 16 4 10 17
9 0 4 9 7 10 9 8 11
9 4 0 9 6 11 9 7 12
4 9 9 0 9 16 4 10 17
10 7 6 9 0 13 10 4 13
16 10 11 16 13 0 16 13 4
4 9 9 4 10 16 0 11 17
10 8 7 10 4 13 11 0 13
17 11 12 17 13 4 17 13 0
0 27 29 29 28 29 28 11 26
27 0 11 10 11 30 10 26 16
29 11 0 10 10 32 11 28 17
29 10 10 0 11 31 11 28 16
28 11 10 11 0 32 11 27 18
29 30 32 31 32 0 31 30 28
28 10 11 11 11 31 0 27 17
11 26 28 28 27 30 27 0 26
26 16 17 16 18 28 17 26 0
