5 9 250 16 84
18 20 33 18 25 34 11 28 15
26 37 26 26 30 47 12 26 24
62 95 84 80 94 103 34 57 65
38 49 48 34 54 53 20 41 34
49 66 59 49 57 105 28 60 40
32 46 120 62 93
0 15 3 17 17
15 0 15 9 6
3 15 0 16 16
17 9 16 0 5
17 6 16 5 0
0 20 21 11 21 21 14 15 14
20 0 9 19 9 20 22 20 21
21 9 0 19 9 20 22 19 21
11 19 19 0 19 22 14 16 14
21 9 9 19 0 20 22 20 21
21 20 20 22 20 0 20 16 20
14 22 22 14 22 20 0 13 9
15 20 19 16 20 16 13 0 13
14 21 21 14 21 20 9 13 0
