7 8 250 65 35
17 37 26 17 15 13 15 16
28 90 39 14 25 16 35 30
55 144 73 23 34 36 48 47
9 26 10 0 6 5 9 8
17 43 10 11 13 12 13 14
58 163 61 25 43 32 47 43
45 82 41 12 31 22 26 32
32 46 93 13 23 83 50
0 3 6 4 7 6 5
3 0 6 2 9 6 4
6 6 0 4 12 13 7
4 2 4 0 10 9 4
7 9 12 10 0 12 5
6 6 13 9 12 0 10
5 4 7 4 5 10 0
0 12 11 9 13 16 15 10
12 0 15 14 15 19 20 11
11 15 0 10 16 17 13 12
9 14 10 0 14 16 14 11
13 15 16 14 0 13 17 14
16 19 17 16 13 0 15 18
15 20 13 14 17 15 0 17
10 11 12 11 14 18 17 0
