6 5 250 11 89
16 17 25 15 25
20 21 27 14 25
57 46 71 42 55
49 46 88 41 58
22 21 31 21 21
22 35 36 24 39
34 32 99 101 42 57
0 11 11 12 11 11
11 0 5 14 5 5
11 5 0 14 5 5
12 14 14 0 14 14
11 5 5 14 0 5
11 5 5 14 5 0
0 9 14 29 18
9 0 19 35 14
14 19 0 18 19
29 35 18 0 30
18 14 19 30 0
