4 10 250 25 75
32 33 11 27 21 29 32 39 23 12
50 62 12 45 26 33 42 48 23 16
114 127 37 91 52 82 87 123 45 48
67 54 25 46 24 33 46 57 28 17
49 71 157 67
0 10 17 11
10 0 16 5
17 16 0 15
11 5 15 0
0 25 10 36 25 24 24 10 24 35
25 0 24 28 10 11 9 26 37 26
10 24 0 37 23 23 23 10 27 36
36 28 37 0 29 31 27 38 37 9
25 10 23 29 0 10 10 25 37 27
24 11 23 31 10 0 12 24 38 30
24 9 23 27 10 12 0 25 35 26
10 26 10 38 25 24 25 0 26 37
24 37 27 37 37 38 35 26 0 37
35 26 36 9 27 30 26 37 37 0
