9 5 250 10 90
18 8 41 30 11
35 15 60 38 30
89 60 163 101 77
90 57 147 90 101
38 29 88 47 42
82 50 153 90 92
49 33 81 63 58
35 25 77 36 38
63 54 139 70 62
13 19 54 56 31 62 31 23 50
0 11 13 18 6 13 18 7 11
11 0 14 17 11 13 17 11 12
13 14 0 10 15 5 9 15 6
18 17 10 0 20 10 5 20 12
6 11 15 20 0 15 20 5 13
13 13 5 10 15 0 9 14 5
18 17 9 5 20 9 0 19 10
7 11 15 20 5 14 19 0 13
11 12 6 12 13 5 10 13 0
0 12 9 15 31
12 0 11 16 29
9 11 0 15 29
15 16 15 0 23
31 29 29 23 0
