6 8 250 9 91
78 62 75 83 46 95 159 101
77 92 81 113 46 112 225 120
90 114 115 151 79 170 237 145
47 47 50 58 29 56 112 57
62 61 85 86 52 97 142 78
56 59 61 85 27 76 119 69
55 72 95 39 56 42
0 3 2 5 10 6
3 0 3 7 10 6
2 3 0 5 11 6
5 7 5 0 13 9
10 10 11 13 0 6
6 6 6 9 6 0
0 22 22 23 11 11 15 22
22 0 10 15 21 21 18 13
22 10 0 15 21 21 18 14
23 15 15 0 22 22 18 12
11 21 21 22 0 12 14 21
11 21 21 22 12 0 15 21
15 18 18 18 14 15 0 17
22 13 14 12 21 21 17 0
