7 7 250 6 94
26 45 79 51 28 47 43
40 52 100 77 43 51 67
50 66 163 104 62 106 86
21 23 61 45 28 25 37
38 63 129 67 41 60 70
20 33 93 62 31 39 45
25 47 96 62 34 54 56
35 50 83 32 58 36 44
0 10 13 8 10 10 9
10 0 8 11 5 5 5
13 8 0 15 9 8 9
8 11 15 0 11 12 10
10 5 9 11 0 5 5
10 5 8 12 5 0 6
9 5 9 10 5 6 0
0 35 9 25 38 30 33
35 0 29 36 7 37 9
9 29 0 26 33 30 27
25 36 26 0 36 7 38
38 7 33 36 0 36 14
30 37 30 7 36 0 39
33 9 27 38 14 39 0
