4 9 250 12 88
17 24 11 48 58 21 62 9 47
79 128 50 181 248 97 255 87 249
47 45 23 60 121 47 116 46 129
26 25 16 52 70 17 79 25 61
41 175 78 51
0 20 6 5
20 0 20 19
6 20 0 7
5 19 7 0
0 11 13 30 14 11 13 11 14
11 0 13 29 13 11 13 10 13
13 13 0 28 12 13 11 13 11
30 29 28 0 27 29 27 29 28
14 13 12 27 0 13 11 13 11
11 11 13 29 13 0 13 10 13
13 13 11 27 11 13 0 13 10
11 10 13 29 13 10 13 0 13
14 13 11 28 11 13 10 13 0
