5 10 250 12 88
43 30 85 102 88 32 32 76 41 20
22 20 54 64 43 24 21 49 35 11
71 79 145 186 153 78 68 111 70 35
70 57 135 163 150 69 73 126 72 35
22 15 42 42 38 13 16 28 21 6
67 40 105 103 25
0 3 13 13 3
3 0 13 13 3
13 13 0 3 13
13 13 3 0 13
3 3 13 13 0
0 14 20 23 11 34 25 23 7 25
14 0 17 13 13 25 25 16 13 27
20 17 0 13 24 23 10 10 14 15
23 13 13 0 23 16 21 6 19 26
11 13 24 23 0 32 30 25 14 30
34 25 23 16 32 0 28 16 29 32
25 25 10 21 30 28 0 17 19 10
23 16 10 6 25 16 17 0 18 22
7 13 14 19 14 29 19 18 0 19
25 27 15 26 30 32 10 22 19 0
