6 10 250 32 68
89 39 81 84 39 15 39 44 48 109
225 110 257 217 93 50 84 135 87 281
210 94 176 121 62 30 84 84 80 227
96 48 89 83 27 9 37 44 43 105
69 26 67 43 16 8 27 38 22 60
64 32 69 53 11 8 21 40 20 72
40 116 94 42 30 31
0 3 5 2 7 7
3 0 11 7 2 6
5 11 0 2 16 12
2 7 2 0 11 5
7 2 16 11 0 7
7 6 12 5 7 0
0 10 21 12 14 13 21 18 14 20
10 0 16 6 11 8 15 13 6 13
21 16 0 15 24 11 14 12 15 8
12 6 15 0 12 8 11 11 6 12
14 11 24 12 0 17 20 21 11 19
13 8 11 8 17 0 13 11 9 10
21 15 14 11 20 13 0 7 13 13
18 13 12 11 21 11 7 0 13 13
14 6 15 6 11 9 13 13 0 11
20 13 8 12 19 10 13 13 11 0
