6 8 250 28 72
66 59 27 30 17 20 22 31
115 174 91 54 37 66 48 67
85 116 34 34 26 42 22 54
104 143 55 46 35 51 40 60
67 97 48 34 31 22 28 45
77 75 27 24 13 28 21 49
40 90 50 73 49 38
0 12 3 13 18 18
12 0 11 5 14 14
3 11 0 12 18 18
13 5 12 0 12 13
18 14 18 12 0 3
18 14 18 13 3 0
0 9 18 10 10 22 22 28
9 0 18 10 11 22 23 29
18 18 0 19 19 27 28 33
10 10 19 0 9 20 20 27
10 11 19 9 0 20 20 27
22 22 27 20 20 0 9 17
22 23 28 20 20 9 0 17
28 29 33 27 27 17 17 0
