10 5 250 25 75
75 45 64 60 26
231 115 172 122 124
122 82 100 76 78
135 84 110 96 76
135 84 119 115 83
81 48 67 67 54
112 40 97 76 72
201 108 168 141 108
81 34 58 57 43
211 99 171 112 88
19 47 35 34 34 23 27 47 21 47
0 4 11 9 11 13 9 4 9 8
4 0 11 8 11 12 9 4 8 8
11 11 0 9 18 16 9 12 8 7
9 8 9 0 16 15 4 9 4 5
11 11 18 16 0 11 17 10 16 16
13 12 16 15 11 0 16 12 15 15
9 9 9 4 17 16 0 10 4 5
4 4 12 9 10 12 10 0 9 9
9 8 8 4 16 15 4 9 0 5
8 8 7 5 16 15 5 9 5 0
0 9 21 18 21
9 0 20 18 20
21 20 0 29 10
18 18 29 0 28
21 20 10 28 0
