9 7 250 18 82
10 8 43 3 33 11 6
22 9 81 15 54 12 22
21 10 108 11 59 19 38
32 15 120 6 72 20 38
36 14 134 22 92 21 36
23 12 104 8 62 14 23
43 12 121 17 86 19 28
40 18 142 18 98 16 38
17 6 69 7 47 7 17
17 33 36 39 53 38 43 47 23
0 10 11 10 10 5 12 12 6
10 0 12 11 11 10 12 12 9
11 12 0 5 5 11 10 10 10
10 11 5 0 5 10 10 10 10
10 11 5 5 0 10 10 10 10
5 10 11 10 10 0 12 12 6
12 12 10 10 10 12 0 5 12
12 12 10 10 10 12 5 0 11
6 9 10 10 10 6 12 11 0
0 14 19 19 11 15 9
14 0 24 18 19 22 11
19 24 0 19 14 9 18
19 18 19 0 18 18 15
11 19 14 18 0 10 13
15 22 9 18 10 0 15
9 11 18 15 13 15 0
