8 9 250 9 91
22 10 26 23 11 36 44 30 13
39 11 18 20 5 24 26 26 16
61 30 30 31 15 45 65 46 30
35 17 18 18 11 36 40 54 12
15 2 6 3 1 14 16 11 2
28 17 11 17 7 32 44 36 9
75 27 27 36 5 53 67 51 27
40 18 21 24 8 23 46 44 7
43 36 69 40 14 38 70 39
0 18 19 3 3 18 3 19
18 0 4 18 17 3 18 3
19 4 0 18 18 3 18 3
3 18 18 0 3 17 2 19
3 17 18 3 0 17 2 18
18 3 3 17 17 0 17 3
3 18 18 2 2 17 0 19
19 3 3 19 18 3 19 0
0 15 21 21 23 21 27 11 18
15 0 14 21 11 11 16 10 6
21 14 0 12 11 8 11 14 18
21 21 12 0 20 16 20 16 25
23 11 11 20 0 9 11 15 12
21 11 8 16 9 0 8 14 14
27 16 11 20 11 8 0 20 18
11 10 14 16 15 14 20 0 13
18 6 18 25 12 14 18 13 0
