8 5 250 29 71
31 53 19 42 154
27 46 32 56 144
90 145 88 138 407
23 46 20 42 124
54 94 50 115 261
24 24 19 30 50
32 46 23 55 115
17 17 17 29 78
35 37 108 33 67 16 32 19
0 11 12 11 15 3 12 10
11 0 15 14 11 11 13 12
12 15 0 4 19 12 6 18
11 14 4 0 18 10 5 17
15 11 19 18 0 15 16 18
3 11 12 10 15 0 11 10
12 13 6 5 16 11 0 18
10 12 18 17 18 10 18 0
0 27 26 9 26
27 0 9 27 10
26 9 0 27 8
9 27 27 0 26
26 10 8 26 0
