10 9 250 4 96
12 16 13 4 6 5 12 11 28
33 27 20 14 21 16 27 25 72
29 41 22 12 16 12 22 28 50
12 12 3 3 9 5 9 7 17
12 22 12 3 15 8 9 14 49
26 36 19 16 20 8 30 24 65
3 8 7 1 4 3 5 7 12
26 35 12 15 25 16 24 24 66
12 21 13 8 18 11 14 24 46
11 24 12 7 12 9 18 16 36
24 49 50 17 32 55 10 53 36 29
0 8 11 11 12 5 9 15 8 9
8 0 5 6 6 6 8 9 7 4
11 5 0 6 6 8 9 7 9 4
11 6 6 0 3 9 12 7 11 6
12 6 6 3 0 10 12 6 12 7
5 6 8 9 10 0 8 12 6 6
9 8 9 12 12 8 0 14 4 9
15 9 7 7 6 12 14 0 14 8
8 7 9 11 12 6 4 14 0 8
9 4 4 6 7 6 9 8 8 0
0 17 24 9 25 9 10 16 24
17 0 22 16 23 17 17 10 22
24 22 0 23 9 24 25 23 9
9 16 23 0 24 9 10 16 23
25 23 9 24 0 25 26 24 10
9 17 24 9 25 0 9 16 24
10 17 25 10 26 9 0 16 25
16 10 23 16 24 16 16 0 23
24 22 9 23 10 24 25 23 0
