7 4 250 12 88
36 168 30 23
72 346 70 79
63 274 48 62
34 141 25 25
46 171 24 47
215 809 132 204
47 220 41 54
23 51 47 22 27 144 34
0 9 15 3 11 11 3
9 0 17 10 11 11 9
15 17 0 15 11 11 14
3 10 15 0 11 11 3
11 11 11 11 0 2 10
11 11 11 11 2 0 11
3 9 14 3 10 11 0
0 38 11 37
38 0 31 8
11 31 0 31
37 8 31 0
