9 4 250 34 66
18 29 44 62
61 83 107 130
54 82 97 128
42 64 68 121
34 60 51 80
17 27 27 48
19 44 32 48
21 36 49 53
24 34 61 53
25 63 63 54 37 21 25 25 29
0 5 13 13 8 7 10 5 11
5 0 14 13 7 8 10 5 12
13 14 0 14 13 13 15 14 19
13 13 14 0 12 11 11 13 16
8 7 13 12 0 9 11 7 14
7 8 13 11 9 0 7 8 11
10 10 15 11 11 7 0 10 10
5 5 14 13 7 8 10 0 11
11 12 19 16 14 11 10 11 0
0 36 18 16
36 0 28 29
18 28 0 10
16 29 10 0
