7 5 250 15 85
25 79 74 60 39
60 155 154 120 84
69 198 152 140 112
30 87 92 63 53
37 92 81 70 50
30 81 77 65 74
110 293 229 219 168
26 54 63 29 34 28 100
0 17 2 16 17 15 2
17 0 17 19 2 18 17
2 17 0 16 17 15 2
16 19 16 0 19 2 16
17 2 17 19 0 18 17
15 18 15 2 18 0 15
2 17 2 16 17 15 0
0 25 19 21 19
25 0 17 10 22
19 17 0 13 13
21 10 13 0 16
19 22 13 16 0
