9 5 250 14 86
18 29 55 20 131
17 38 31 9 98
57 63 89 28 284
14 24 33 9 88
25 52 61 15 191
5 13 20 4 41
12 15 33 14 62
44 55 74 28 219
14 22 32 18 102
38 30 81 25 47 13 20 55 31
0 6 3 8 11 4 8 10 10
6 0 6 9 10 7 9 10 10
3 6 0 8 11 4 8 11 11
8 9 8 0 12 7 4 12 12
11 10 11 12 0 11 12 4 4
4 7 4 7 11 0 8 11 11
8 9 8 4 12 8 0 12 13
10 10 11 12 4 11 12 0 4
10 10 11 12 4 11 13 4 0
0 14 22 9 22
14 0 17 12 20
22 17 0 22 20
9 12 22 0 23
22 20 20 23 0
