9 8 250 17 83
7 8 13 2 3 49 12 15
7 10 4 8 1 43 16 16
11 16 19 9 3 78 24 28
13 17 25 19 3 105 25 30
9 11 12 6 4 71 16 19
9 6 14 3 3 64 19 19
4 6 14 6 3 39 18 11
14 17 20 12 5 113 35 31
16 11 18 9 1 80 23 20
28 26 44 61 34 35 23 58 43
0 16 5 6 15 16 16 6 17
16 0 15 15 7 6 6 16 6
5 15 0 5 15 15 15 5 16
6 15 5 0 14 15 15 5 16
15 7 15 14 0 7 6 15 8
16 6 15 15 7 0 6 15 6
16 6 15 15 6 6 0 16 7
6 16 5 5 15 15 16 0 17
17 6 16 16 8 6 7 17 0
0 15 15 15 21 19 15 19
15 0 14 10 23 14 14 23
15 14 0 14 19 16 10 21
15 10 14 0 23 14 15 24
21 23 19 23 0 25 19 20
19 14 16 14 25 0 16 26
15 14 10 15 19 16 0 21
19 23 21 24 20 26 21 0
