7 6 250 17 83
53 70 220 91 66 72
42 64 208 69 61 72
100 125 389 149 134 127
57 93 258 110 77 110
49 83 216 90 71 81
45 88 236 91 73 80
66 86 248 107 81 89
41 41 80 47 42 46 48
0 17 10 15 11 12 17
17 0 9 13 12 9 4
10 9 0 11 8 5 9
15 13 11 0 16 9 13
11 12 8 16 0 12 11
12 9 5 9 12 0 9
17 4 9 13 11 9 0
0 17 17 17 14 17
17 0 7 13 14 7
17 7 0 13 14 7
17 13 13 0 10 13
14 14 14 10 0 14
17 7 7 13 14 0
