6 8 250 12 88
34 58 68 86 64 51 21 81
63 87 102 123 81 91 43 126
83 142 154 170 107 137 74 206
86 151 137 158 99 114 59 173
33 63 68 64 40 49 17 54
85 158 141 201 111 103 47 195
33 50 70 77 26 77
0 12 12 12 12 12
12 0 5 6 5 6
12 5 0 6 6 6
12 6 6 0 6 6
12 5 6 6 0 6
12 6 6 6 6 0
0 17 10 18 11 17 21 21
17 0 17 19 17 11 23 23
10 17 0 18 11 17 21 21
18 19 18 0 18 19 25 26
11 17 11 18 0 16 21 21
17 11 17 19 16 0 23 23
21 23 21 25 21 23 0 11
21 23 21 26 21 23 11 0
