10 8 250 59 41
23 21 57 9 27 36 43 28
29 15 70 10 40 53 39 34
63 38 154 29 67 95 93 65
20 25 57 11 27 32 38 33
15 9 27 6 9 12 21 18
23 20 74 23 32 38 49 27
17 11 66 14 16 33 35 21
15 7 51 7 13 20 16 21
44 35 130 29 55 92 107 67
26 20 59 11 30 45 42 23
30 35 77 28 15 33 27 19 64 32
0 9 6 9 6 7 8 6 9 6
9 0 8 9 9 9 8 10 3 14
6 8 0 5 9 10 4 9 8 9
9 9 5 0 12 12 3 12 10 12
6 9 9 12 0 3 11 2 8 8
7 9 10 12 3 0 11 3 9 10
8 8 4 3 11 11 0 11 8 12
6 10 9 12 2 3 11 0 9 8
9 3 8 10 8 9 8 9 0 13
6 14 9 12 8 10 12 8 13 0
0 11 27 23 7 23 12 7
11 0 31 23 10 24 7 10
27 31 0 28 27 27 32 28
23 23 28 0 22 8 24 22
7 10 27 22 0 23 12 7
23 24 27 8 23 0 24 22
12 7 32 24 12 24 0 12
7 10 28 22 7 22 12 0
