8 5 250 3 97
35 9 37 12 41
59 28 70 22 69
55 29 79 27 63
39 19 36 16 26
45 16 60 26 45
125 79 160 45 148
97 48 114 44 104
56 30 94 25 77
20 40 41 21 29 89 58 39
0 11 8 11 9 9 8 14
11 0 16 3 12 12 16 7
8 16 0 16 9 10 4 17
11 3 16 0 12 12 16 7
9 12 9 12 0 4 9 12
9 12 10 12 4 0 9 12
8 16 4 16 9 9 0 18
14 7 17 7 12 12 18 0
0 23 36 24 35
23 0 27 6 25
36 27 0 27 8
24 6 27 0 24
35 25 8 24 0
