6 9 250 38 62
20 56 25 36 22 35 13 19 16
67 191 111 95 108 146 78 57 54
68 169 112 75 87 117 52 47 47
62 107 65 61 71 94 42 44 33
48 139 78 72 68 104 39 38 26
35 97 44 45 60 75 33 31 28
21 82 77 57 60 40
0 2 9 14 16 2
2 0 8 13 14 2
9 8 0 8 12 9
14 13 8 0 6 14
16 14 12 6 0 15
2 2 9 14 15 0
0 26 30 31 8 31 10 24 18
26 0 24 23 26 24 29 7 20
30 24 0 8 29 7 32 22 18
31 23 8 0 30 6 33 22 19
8 26 29 30 0 30 8 24 17
31 24 7 6 30 0 33 22 19
10 29 32 33 8 33 0 27 20
24 7 22 22 24 22 27 0 18
18 20 18 19 17 19 20 18 0
