4 10 250 18 82
192 73 133 112 51 132 104 106 86 98
211 71 168 161 54 140 126 110 110 99
309 105 223 170 82 204 136 124 138 141
156 48 129 104 42 120 73 86 65 100
84 79 122 66
0 4 11 2
4 0 9 6
11 9 0 10
2 6 10 0
0 32 31 32 15 31 25 17 26 24
32 0 14 9 25 15 21 23 14 19
31 14 0 16 25 7 18 22 19 16
32 9 16 0 25 17 24 23 13 22
15 25 25 25 0 25 23 9 20 22
31 15 7 17 25 0 17 23 20 16
25 21 18 24 23 17 0 22 22 8
17 23 22 23 9 23 22 0 19 20
26 14 19 13 20 20 22 19 0 20
24 19 16 22 22 16 8 20 20 0
