8 9 250 12 88
27 51 12 38 47 47 62 88 14
26 46 8 28 30 30 32 49 14
53 127 29 48 62 80 104 123 29
20 58 12 33 32 39 39 57 19
39 72 24 49 53 52 76 89 23
26 68 17 36 33 53 61 68 14
32 92 31 45 52 55 86 93 21
19 59 13 29 46 44 53 55 14
42 25 68 34 53 36 58 38
0 3 10 10 9 6 4 6
3 0 10 11 9 6 3 6
10 10 0 15 12 8 10 8
10 11 15 0 9 11 11 11
9 9 12 9 0 10 10 10
6 6 8 11 10 0 7 3
4 3 10 11 10 7 0 7
6 6 8 11 10 3 7 0
0 21 16 16 16 15 16 14 16
21 0 22 23 23 25 23 21 23
16 22 0 8 9 23 9 18 19
16 23 8 0 10 23 8 19 20
16 23 9 10 0 23 10 17 18
15 25 23 23 23 0 22 20 22
16 23 9 8 10 22 0 19 20
14 21 18 19 17 20 19 0 9
16 23 19 20 18 22 20 9 0
