8 8 250 24 76
13 8 14 30 3 15 9 6
27 22 13 40 20 28 17 13
17 19 22 43 20 43 24 10
13 8 7 29 3 20 1 5
28 20 17 41 21 36 22 9
25 15 23 42 19 21 12 17
34 32 25 63 15 57 18 23
42 36 52 122 38 62 35 28
23 40 44 19 40 38 51 80
0 16 15 17 15 6 14 14
16 0 5 7 7 19 6 6
15 5 0 7 5 17 7 6
17 7 7 0 7 20 10 10
15 7 5 7 0 17 9 8
6 19 17 20 17 0 17 17
14 6 7 10 9 17 0 6
14 6 6 10 8 17 6 0
0 27 16 23 8 28 18 27
27 0 18 21 28 8 20 9
16 18 0 19 17 19 14 18
23 21 19 0 24 21 18 20
8 28 17 24 0 28 18 28
28 8 19 21 28 0 21 9
18 20 14 18 18 21 0 19
27 9 18 20 28 9 19 0
