9 7 250 9 91
28 28 31 24 33 35 24
65 83 90 64 88 104 83
75 79 88 79 99 127 98
30 53 63 43 54 58 53
40 63 67 49 62 64 74
45 43 52 36 64 58 51
29 43 43 35 47 57 58
86 95 88 67 100 105 85
51 82 66 61 68 87 93
20 48 51 34 38 28 28 57 45
0 6 15 14 13 14 15 10 11
6 0 14 13 13 14 14 10 10
15 14 0 6 7 6 6 16 16
14 13 6 0 6 6 6 15 15
13 13 7 6 0 7 7 14 14
14 14 6 6 7 0 6 15 15
15 14 6 6 7 6 0 16 16
10 10 16 15 14 15 16 0 5
11 10 16 15 14 15 16 5 0
0 15 14 6 7 14 10
15 0 18 15 13 18 14
14 18 0 14 15 6 15
6 15 14 0 7 14 10
7 13 15 7 0 15 9
14 18 6 14 15 0 15
10 14 15 10 9 15 0
