9 10 250 11 89
8 10 7 6 8 3 7 17 5 8
14 10 20 27 25 18 23 34 20 19
19 14 27 24 23 25 18 40 18 24
12 18 21 20 33 17 21 20 14 18
29 29 51 53 48 32 53 64 28 46
16 11 23 29 19 15 18 26 18 29
7 11 21 17 11 7 13 24 14 20
18 12 14 20 33 14 20 29 23 27
8 5 8 15 12 11 10 19 10 15
15 38 45 33 72 39 29 43 22
0 6 20 18 16 16 16 5 19
6 0 19 17 15 15 15 6 18
20 19 0 10 9 9 11 20 10
18 17 10 0 7 8 8 18 5
16 15 9 7 0 5 7 16 8
16 15 9 8 5 0 7 16 8
16 15 11 8 7 7 0 16 9
5 6 20 18 16 16 16 0 19
19 18 10 5 8 8 9 19 0
0 10 6 14 14 16 15 10 12 16
10 0 10 10 10 12 11 7 10 12
6 10 0 14 14 16 15 10 12 16
14 10 14 0 6 8 7 10 11 7
14 10 14 6 0 8 7 9 11 8
16 12 16 8 8 0 6 11 12 6
15 11 15 7 7 6 0 10 11 6
10 7 10 10 9 11 10 0 9 11
12 10 12 11 11 12 11 9 0 11
16 12 16 7 8 6 6 11 11 0
