7 9 250 15 85
17 13 29 32 33 13 11 22 43
42 46 49 69 67 54 45 52 90
49 47 68 67 104 56 62 64 95
38 39 48 47 84 49 31 56 70
103 116 147 128 188 112 119 132 189
95 67 144 143 145 107 86 107 172
51 78 97 115 129 62 68 87 147
16 36 43 31 88 67 60
0 16 16 16 3 19 3
16 0 3 4 15 17 16
16 3 0 4 16 17 16
16 4 4 0 15 18 16
3 15 16 15 0 19 3
19 17 17 18 19 0 19
3 16 16 16 3 19 0
0 20 19 21 21 21 21 29 30
20 0 10 10 11 10 10 27 27
19 10 0 10 11 10 10 27 27
21 10 10 0 11 9 9 27 27
21 11 11 11 0 10 10 29 29
21 10 10 9 10 0 9 27 28
21 10 10 9 10 9 0 28 28
29 27 27 27 29 27 28 0 9
30 27 27 27 29 28 28 9 0
