7 9 250 24 76
69 99 101 80 58 42 53 37 56
107 119 105 103 74 38 59 60 87
140 160 148 155 119 76 87 66 124
76 89 80 84 56 39 45 51 69
64 73 61 53 52 26 34 34 74
92 115 104 119 76 58 64 60 86
81 103 101 91 74 40 55 42 107
44 48 71 43 29 49 48
0 9 12 4 13 12 9
9 0 8 9 15 7 3
12 8 0 13 12 8 9
4 9 13 0 14 13 9
13 15 12 14 0 15 15
12 7 8 13 15 0 7
9 3 9 9 15 7 0
0 29 40 37 12 31 31 37 12
29 0 20 16 29 14 8 18 26
40 20 0 11 40 18 18 12 38
37 16 11 0 36 13 14 13 34
12 29 40 36 0 31 30 35 17
31 14 18 13 31 0 14 18 27
31 8 18 14 30 14 0 15 28
37 18 12 13 35 18 15 0 35
12 26 38 34 17 27 28 35 0
