4 9 250 23 77
22 30 45 16 38 8 16 21 55
10 28 26 14 36 11 20 17 34
37 95 71 46 82 39 47 31 112
17 53 52 37 56 20 35 25 110
62 42 140 94
0 2 11 2
2 0 10 2
11 10 0 10
2 2 10 0
0 16 16 13 16 8 18 15 12
16 0 18 14 16 16 14 18 16
16 18 0 15 11 15 16 9 15
13 14 15 0 16 13 18 13 9
16 16 11 16 0 15 12 13 17
8 16 15 13 15 0 17 14 13
18 14 16 18 12 17 0 18 19
15 18 9 13 13 14 18 0 13
12 16 15 9 17 13 19 13 0
