7 10 250 11 89
12 22 2 9 12 19 10 20 11 15
15 32 8 20 18 31 8 17 14 16
25 48 11 22 21 39 7 34 21 17
24 44 8 12 27 46 12 30 18 20
5 17 0 8 8 23 5 7 10 4
18 57 6 15 16 48 10 30 14 26
27 55 7 17 28 34 9 33 20 19
33 49 57 55 21 57 63
0 13 13 3 3 3 13
13 0 3 14 14 13 3
13 3 0 14 14 13 3
3 14 14 0 3 3 13
3 14 14 3 0 3 13
3 13 13 3 3 0 13
13 3 3 13 13 13 0
0 21 19 10 25 27 26 10 9 26
21 0 24 23 20 25 24 22 22 22
19 24 0 19 19 19 18 18 19 18
10 23 19 0 24 26 25 8 8 27
25 20 19 24 0 12 11 23 24 17
27 25 19 26 12 0 8 25 26 20
26 24 18 25 11 8 0 24 25 19
10 22 18 8 23 25 24 0 8 26
9 22 19 8 24 26 25 8 0 27
26 22 18 27 17 20 19 26 27 0
