9 10 250 22 78
41 46 13 28 12 15 13 16 41 36
65 71 14 37 19 6 18 28 45 41
198 169 68 118 86 35 55 90 144 189
109 85 29 59 31 15 26 48 76 67
36 29 9 24 16 2 6 15 25 23
87 72 29 59 23 9 27 43 49 56
40 38 11 38 10 4 15 24 29 36
77 61 20 46 27 12 18 32 50 47
131 117 46 81 45 24 44 58 79 97
20 26 86 46 14 39 20 32 52
0 4 20 11 13 15 16 10 16
4 0 20 12 13 16 16 10 17
20 20 0 13 13 14 14 14 12
11 12 13 0 6 11 12 4 11
13 13 13 6 0 14 15 7 14
15 16 14 11 14 0 4 11 5
16 16 14 12 15 4 0 12 5
10 10 14 4 7 11 12 0 11
16 17 12 11 14 5 5 11 0
0 17 29 22 22 10 22 30 11 20
17 0 31 24 24 18 24 31 18 19
29 31 0 18 19 29 19 11 28 21
22 24 18 0 10 21 10 18 21 15
22 24 19 10 0 20 10 19 20 14
10 18 29 21 20 0 21 29 10 19
22 24 19 10 10 21 0 19 21 15
30 31 11 18 19 29 19 0 29 22
11 18 28 21 20 10 21 29 0 19
20 19 21 15 14 19 15 22 19 0
