10 5 250 99 1
32 91 30 27 30
62 240 44 63 60
110 351 83 125 84
65 210 54 68 37
57 190 34 46 48
89 319 71 110 61
20 92 16 31 24
67 222 51 60 46
45 149 36 36 26
48 166 33 54 39
19 35 56 33 34 54 16 37 24 27
0 15 15 11 14 10 13 14 13 14
15 0 11 17 15 17 16 4 15 17
15 11 0 16 9 16 11 11 10 11
11 17 16 0 18 3 19 17 18 19
14 15 9 18 0 18 4 15 3 4
10 17 16 3 18 0 19 17 18 20
13 16 11 19 4 19 0 15 3 4
14 4 11 17 15 17 15 0 15 16
13 15 10 18 3 18 3 15 0 4
14 17 11 19 4 20 4 16 4 0
0 26 9 26 25
26 0 25 6 7
9 25 0 24 24
26 6 24 0 7
25 7 24 7 0
