7 6 250 21 79
17 54 27 10 21 20
18 35 17 18 30 23
58 137 88 35 90 41
45 119 71 31 95 61
26 63 27 22 51 32
26 63 45 16 32 20
56 142 78 33 67 44
23 27 78 74 37 33 77
0 8 4 7 8 8 10
8 0 8 4 4 3 12
4 8 0 7 7 8 9
7 4 7 0 3 3 11
8 4 7 3 0 3 11
8 3 8 3 3 0 11
10 12 9 11 11 11 0
0 10 14 17 14 16
10 0 11 13 12 13
14 11 0 12 15 10
17 13 12 0 13 13
14 12 15 13 0 17
16 13 10 13 17 0
