9 7 250 14 86
68 101 23 39 101 34 39
59 73 20 31 64 17 33
110 178 37 66 129 56 62
68 66 22 35 79 24 24
91 151 36 63 123 38 52
70 97 28 38 71 41 36
170 224 58 105 172 62 61
168 251 50 106 206 74 75
62 82 15 34 56 19 24
31 21 44 21 36 26 56 73 22
0 2 7 3 12 6 11 6 5
2 0 7 2 12 7 11 6 6
7 7 0 8 11 4 10 10 6
3 2 8 0 13 7 12 6 5
12 12 11 13 0 9 3 11 11
6 7 4 7 9 0 8 8 5
11 11 10 12 3 8 0 11 10
6 6 10 6 11 8 11 0 6
5 6 6 5 11 5 10 6 0
0 13 11 25 11 29 26
13 0 11 29 11 33 31
11 11 0 27 10 31 29
25 29 27 0 27 13 11
11 11 10 27 0 31 29
29 33 31 13 31 0 11
26 31 29 11 29 11 0
