7 9 250 78 22
29 7 32 12 10 11 38 11 35
28 8 29 17 5 8 27 14 48
44 8 52 21 6 16 52 12 79
49 10 45 17 6 16 57 15 97
99 35 132 63 18 38 109 32 192
17 3 12 9 6 8 22 3 28
86 33 88 52 13 19 90 35 131
28 26 40 44 105 16 72
0 10 11 4 10 4 10
10 0 4 10 4 10 4
11 4 0 11 4 11 5
4 10 11 0 10 4 10
10 4 4 10 0 10 4
4 10 11 4 10 0 10
10 4 5 10 4 10 0
0 15 18 11 16 10 18 13 11
15 0 14 15 11 15 14 18 15
18 14 0 18 14 18 10 19 18
11 15 18 0 16 11 18 14 10
16 11 14 16 0 15 13 18 15
10 15 18 11 15 0 18 13 10
18 14 10 18 13 18 0 19 18
13 18 19 14 18 13 19 0 13
11 15 18 10 15 10 18 13 0
