8 8 250 42 58
12 22 32 36 16 26 33 14
83 92 117 112 69 57 117 38
47 49 68 64 54 15 59 21
26 27 41 41 27 21 61 13
35 31 44 48 30 25 48 16
11 14 17 16 17 6 18 9
18 22 48 44 23 27 53 12
13 22 24 17 14 10 19 9
26 102 63 37 40 15 39 19
0 10 8 10 8 12 11 12
10 0 12 16 15 15 14 14
8 12 0 14 12 15 8 17
10 16 14 0 10 4 13 10
8 15 12 10 0 12 15 13
12 15 15 4 12 0 13 9
11 14 8 13 15 13 0 18
12 14 17 10 13 9 18 0
0 13 12 13 19 13 12 7
13 0 7 17 13 17 8 12
12 7 0 16 14 16 7 11
13 17 16 0 24 7 16 13
19 13 14 24 0 24 14 18
13 17 16 7 24 0 16 14
12 8 7 16 14 16 0 12
7 12 11 13 18 14 12 0
