9 10 250 11 89
14 21 13 6 7 8 6 13 7 16
21 47 19 21 23 11 13 31 11 32
16 28 20 13 13 7 4 24 12 34
27 50 23 14 17 12 12 33 11 36
14 39 19 10 9 3 7 31 7 33
8 23 4 5 10 2 1 9 2 20
12 30 8 6 11 4 1 12 5 11
14 30 10 9 11 6 7 13 8 21
26 29 20 8 22 11 10 22 4 26
29 53 43 57 41 22 23 30 47
0 4 15 16 15 15 15 18 18
4 0 14 14 13 13 15 18 17
15 14 0 3 3 4 13 17 17
16 14 3 0 4 4 14 17 18
15 13 3 4 0 3 13 16 16
15 13 4 4 3 0 13 16 16
15 15 13 14 13 13 0 7 8
18 18 17 17 16 16 7 0 4
18 17 17 18 16 16 8 4 0
0 28 26 26 27 26 11 12 10 13
28 0 27 26 27 27 28 28 27 27
26 27 0 12 11 11 27 27 26 27
26 26 12 0 11 10 26 26 25 26
27 27 11 11 0 10 27 27 26 27
26 27 11 10 10 0 26 27 26 26
11 28 27 26 27 26 0 11 11 12
12 28 27 26 27 27 11 0 12 11
10 27 26 25 26 26 11 12 0 13
13 27 27 26 27 26 12 11 13 0
