6 6 250 6 94
35 28 15 25 45 57
59 60 25 53 85 147
84 83 47 75 110 171
22 28 10 30 34 71
130 148 63 170 208 311
45 41 25 43 75 101
25 54 72 26 134 43
0 9 9 12 4 7
9 0 9 11 5 4
9 9 0 5 8 8
12 11 5 0 11 10
4 5 8 11 0 4
7 4 8 10 4 0
0 16 8 14 14 19
16 0 22 16 26 19
8 22 0 17 8 24
14 16 17 0 19 20
14 26 8 19 0 29
19 19 24 20 29 0
