9 7 250 11 89
15 30 36 58 32 18 25
67 106 133 156 85 63 85
63 84 122 141 97 63 76
14 14 27 22 20 9 16
27 34 51 48 34 34 44
17 34 37 47 24 18 23
39 51 93 104 46 37 55
108 158 255 257 164 113 146
78 100 153 194 103 72 100
18 57 47 10 20 14 34 88 66
0 7 11 14 10 4 15 7 11
7 0 10 10 9 6 13 3 10
11 10 0 12 17 10 7 10 3
14 10 12 0 14 13 11 10 12
10 9 17 14 0 10 20 9 17
4 6 10 13 10 0 14 6 11
15 13 7 11 20 14 0 13 8
7 3 10 10 9 6 13 0 10
11 10 3 12 17 11 8 10 0
0 15 16 21 21 15 28
15 0 10 18 18 10 23
16 10 0 17 18 10 23
21 18 17 0 10 18 17
21 18 18 10 0 18 17
15 10 10 18 18 0 23
28 23 23 17 17 23 0
