10 9 250 38 62
12 7 35 20 16 14 22 21 13
16 7 40 21 20 26 38 28 14
25 21 63 43 30 40 50 45 21
26 10 37 24 33 28 47 28 22
17 11 30 11 10 13 21 27 15
20 7 30 18 17 20 22 38 20
22 13 33 34 20 22 51 37 15
29 27 71 35 37 39 54 47 35
11 9 26 15 11 9 17 12 8
15 13 45 22 12 13 25 13 22
23 32 55 42 25 27 35 55 20 28
0 15 3 15 5 14 4 15 12 16
15 0 16 5 16 5 14 5 6 3
3 16 0 16 4 14 4 15 13 16
15 5 16 0 17 5 15 7 7 6
5 16 4 17 0 15 5 16 13 17
14 5 14 5 15 0 13 7 4 5
4 14 4 15 5 13 0 14 11 15
15 5 15 7 16 7 14 0 7 6
12 6 13 7 13 4 11 7 0 6
16 3 16 6 17 5 15 6 6 0
0 19 19 22 17 10 10 22 17
19 0 18 15 10 20 19 15 10
19 18 0 21 17 20 19 22 18
22 15 21 0 15 22 21 9 15
17 10 17 15 0 18 17 15 9
10 20 20 22 18 0 9 22 18
10 19 19 21 17 9 0 22 17
22 15 22 9 15 22 22 0 15
17 10 18 15 9 18 17 15 0
