4 7 250 8 92
52 32 48 79 50 61 36
92 90 104 233 125 149 94
109 103 151 307 122 193 112
101 114 168 298 140 187 102
35 78 104 117
0 9 5 15
9 0 9 15
5 9 0 16
15 15 16 0
0 37 38 34 38 36 29
37 0 12 12 13 8 34
38 12 0 13 10 12 32
34 12 13 0 13 11 31
38 13 10 13 0 13 31
36 8 12 11 13 0 33
29 34 32 31 31 33 0
