10 6 250 31 69
26 33 21 9 7 13
17 25 15 5 7 11
49 40 41 9 15 21
44 32 31 15 17 10
15 8 12 5 7 5
54 52 50 19 31 26
39 43 29 7 17 21
34 30 38 10 22 15
67 66 67 14 45 49
69 71 56 8 31 30
21 17 32 30 11 52 30 34 67 58
0 13 10 12 6 16 15 16 16 6
13 0 12 5 15 16 15 16 15 14
10 12 0 12 10 13 12 13 12 10
12 5 12 0 14 17 16 16 16 13
6 15 10 14 0 17 17 17 17 5
16 16 13 17 17 0 4 4 4 18
15 15 12 16 17 4 0 4 4 17
16 16 13 16 17 4 4 0 4 17
16 15 12 16 17 4 4 4 0 17
6 14 10 13 5 18 17 17 17 0
0 10 23 11 10 10
10 0 23 9 10 10
23 23 0 23 23 23
11 9 23 0 10 9
10 10 23 10 0 10
10 10 23 9 10 0
