10 7 250 14 86
12 21 28 26 16 24 14
35 44 58 59 31 67 37
32 40 53 49 32 56 26
25 34 46 37 23 42 27
13 12 15 14 6 20 14
42 50 81 88 37 100 40
21 29 37 44 18 43 20
6 8 17 21 4 21 12
47 65 81 91 29 99 45
34 29 56 73 15 43 26
20 48 41 32 13 62 28 11 59 36
0 5 6 10 7 5 5 7 5 7
5 0 7 12 3 4 2 5 7 8
6 7 0 8 7 4 7 8 3 10
10 12 8 0 12 11 12 11 7 16
7 3 7 12 0 4 3 4 6 9
5 4 4 11 4 0 4 6 5 8
5 2 7 12 3 4 0 4 6 8
7 5 8 11 4 6 4 0 7 11
5 7 3 7 6 5 6 7 0 11
7 8 10 16 9 8 8 11 11 0
0 19 30 22 34 23 22
19 0 22 27 26 28 27
30 22 0 31 19 29 30
22 27 31 0 39 10 9
34 26 19 39 0 38 39
23 28 29 10 38 0 10
22 27 30 9 39 10 0
