7 7 250 11 89
65 18 11 48 42 18 27
68 30 35 51 64 39 64
110 34 39 87 91 33 70
69 26 24 46 55 23 41
189 61 59 174 139 76 143
204 54 64 149 160 87 159
176 59 76 167 184 82 159
21 29 41 23 77 67 82
0 4 14 5 13 13 5
4 0 15 5 14 14 5
14 15 0 15 5 5 15
5 5 15 0 14 14 5
13 14 5 14 0 4 14
13 14 5 14 4 0 14
5 5 15 5 14 14 0
0 13 14 14 23 14 18
13 0 10 10 23 10 16
14 10 0 10 22 10 16
14 10 10 0 22 10 16
23 23 22 22 0 22 16
14 10 10 10 22 0 16
18 16 16 16 16 16 0
