4 7 250 4 96
120 31 88 44 67 22 210
123 26 108 71 103 30 272
181 35 151 112 130 52 347
140 35 139 77 119 43 310
62 80 114 91
0 12 13 4
12 0 3 13
13 3 0 13
4 13 13 0
0 11 10 8 21 16 12
11 0 10 13 19 14 8
10 10 0 9 15 8 15
8 13 9 0 20 14 16
21 19 15 20 0 11 22
16 14 8 14 11 0 18
12 8 15 16 22 18 0
