8 9 250 5 95
25 78 22 33 52 100 26 12 37
17 37 7 28 44 72 21 12 24
99 218 54 158 201 444 136 48 145
11 47 14 29 43 85 26 5 32
37 98 26 74 110 180 41 24 67
14 33 6 22 27 49 12 6 16
17 50 12 36 38 82 17 8 28
22 73 11 40 58 103 33 20 35
33 21 125 23 55 15 24 30
0 17 11 17 15 5 13 16
17 0 16 5 9 17 8 17
11 16 0 16 15 10 11 19
17 5 16 0 10 17 9 16
15 9 15 10 0 15 9 19
5 17 10 17 15 0 12 16
13 8 11 9 9 12 0 16
16 17 19 16 19 16 16 0
0 23 9 25 9 9 25 23 24
23 0 21 13 22 22 13 8 8
9 21 0 23 9 9 23 21 22
25 13 23 0 24 24 8 12 12
9 22 9 24 0 8 25 23 23
9 22 9 24 8 0 24 23 23
25 13 23 8 25 24 0 13 13
23 8 21 12 23 23 13 0 8
24 8 22 12 23 23 13 8 0
