6 9 250 14 86
48 77 64 38 113 29 35 54 41
79 92 92 64 191 40 78 55 100
103 152 132 78 224 49 71 103 135
43 53 39 25 76 19 32 48 44
40 65 58 38 144 26 28 43 66
78 103 90 55 190 44 59 86 91
41 67 95 30 40 70
0 4 8 12 4 5
4 0 9 12 4 5
8 9 0 11 8 8
12 12 11 0 12 14
4 4 8 12 0 5
5 5 8 14 5 0
0 9 20 13 11 21 6 8 8
9 0 25 13 12 17 10 8 11
20 25 0 23 19 35 19 22 19
13 13 23 0 18 21 12 10 16
11 12 19 18 0 22 11 12 7
21 17 35 21 22 0 22 19 21
6 10 19 12 11 22 0 8 8
8 8 22 10 12 19 8 0 10
8 11 19 16 7 21 8 10 0
