5 8 250 7 93
61 19 21 19 34 36 64 36
63 26 29 22 39 53 63 36
138 52 51 63 79 84 153 103
50 26 19 26 31 46 50 42
137 54 46 52 66 99 140 95
47 48 112 41 110
0 8 11 3 9
8 0 9 8 7
11 9 0 11 4
3 8 11 0 9
9 7 4 9 0
0 23 22 18 18 23 28 21
23 0 14 30 30 6 27 13
22 14 0 32 31 14 32 8
18 30 32 0 7 30 23 32
18 30 31 7 0 30 23 31
23 6 14 30 30 0 27 14
28 27 32 23 23 27 0 32
21 13 8 32 31 14 32 0
