10 10 250 9 91
31 13 10 21 20 3 11 3 7 5
58 17 10 41 35 3 19 3 22 15
67 22 16 36 27 7 19 5 24 14
40 24 11 28 23 3 14 3 9 5
41 18 8 25 20 7 17 8 12 5
90 33 24 68 52 11 25 11 26 9
53 19 18 49 38 5 16 2 20 10
46 18 8 30 38 6 17 5 18 11
101 35 28 54 44 13 31 9 39 14
45 20 6 34 28 8 11 5 16 7
21 35 40 22 26 51 38 30 51 29
0 11 3 11 3 10 12 3 11 3
11 0 11 3 11 6 3 11 3 11
3 11 0 11 3 9 12 3 11 3
11 3 11 0 11 6 3 11 3 11
3 11 3 11 0 10 12 3 11 3
10 6 9 6 10 0 6 10 6 10
12 3 12 3 12 6 0 12 3 12
3 11 3 11 3 10 12 0 11 3
11 3 11 3 11 6 3 11 0 11
3 11 3 11 3 10 12 3 11 0
0 15 20 19 19 19 13 23 16 19
15 0 17 14 14 14 14 19 15 14
20 17 0 19 19 19 21 13 20 17
19 14 19 0 10 10 17 20 16 13
19 14 19 10 0 11 16 20 16 13
19 14 19 10 11 0 17 20 16 13
13 14 21 17 16 17 0 23 15 18
23 19 13 20 20 20 23 0 22 17
16 15 20 16 16 16 15 22 0 18
19 14 17 13 13 13 18 17 18 0
