4 10 250 33 67
16 49 15 38 11 9 3 36 13 29
26 62 13 56 8 19 14 44 30 47
28 78 11 52 9 26 19 62 17 57
39 137 25 107 26 47 24 107 32 75
49 72 80 138
0 5 16 18
5 0 16 18
16 16 0 7
18 18 7 0
0 11 9 9 33 31 33 30 6 13
11 0 11 8 39 37 39 36 9 8
9 11 0 10 34 31 33 31 8 13
9 8 10 0 35 34 35 32 7 8
33 39 34 35 0 9 12 8 34 39
31 37 31 34 9 0 10 9 32 38
33 39 33 35 12 10 0 10 34 39
30 36 31 32 8 9 10 0 31 36
6 9 8 7 34 32 34 31 0 11
13 8 13 8 39 38 39 36 11 0
