9 9 250 18 82
15 18 19 22 13 15 27 9 28
37 35 29 32 27 36 34 13 44
71 37 63 51 45 44 83 23 84
28 27 36 37 26 30 46 13 46
47 35 49 33 26 34 58 13 58
31 18 18 26 8 24 35 12 27
39 20 26 33 24 30 46 16 30
11 10 13 8 9 18 15 6 26
37 24 28 19 13 36 26 6 32
24 40 70 44 54 28 38 18 33
0 6 10 10 11 14 17 15 10
6 0 10 10 10 14 18 15 11
10 10 0 5 6 15 16 16 10
10 10 5 0 6 15 16 16 10
11 10 6 6 0 16 17 17 11
14 14 15 15 16 0 14 6 11
17 18 16 16 17 14 0 14 13
15 15 16 16 17 6 14 0 11
10 11 10 10 11 11 13 11 0
0 20 31 10 32 29 22 32 29
20 0 25 23 24 21 10 24 21
31 25 0 34 10 11 26 11 12
10 23 34 0 34 31 25 34 31
32 24 10 34 0 11 25 9 14
29 21 11 31 11 0 22 12 10
22 10 26 25 25 22 0 25 21
32 24 11 34 9 12 25 0 14
29 21 12 31 14 10 21 14 0
