4 10 250 57 43
55 94 54 73 57 45 77 56 41 23
51 51 27 74 34 42 63 38 19 20
67 123 54 107 67 81 114 98 61 40
55 79 44 77 40 36 72 75 45 28
79 55 109 80
0 20 18 6
20 0 4 18
18 4 0 17
6 18 17 0
0 27 9 27 27 30 26 28 17 21
27 0 28 7 8 21 20 22 24 26
9 28 0 28 28 31 26 27 17 20
27 7 28 0 8 21 20 22 24 26
27 8 28 8 0 21 19 21 24 26
30 21 31 21 21 0 28 29 21 33
26 20 26 20 19 28 0 10 25 17
28 22 27 22 21 29 10 0 26 17
17 24 17 24 24 21 25 26 0 24
21 26 20 26 26 33 17 17 24 0
