5 7 250 12 88
8 11 37 29 30 7 26
13 9 53 36 27 7 31
35 34 154 94 74 19 74
11 6 71 42 30 5 38
8 3 22 12 7 2 7
44 54 166 68 19
0 12 10 10 4
12 0 15 15 12
10 15 0 4 9
10 15 4 0 10
4 12 9 10 0
0 29 29 26 27 10 11
29 0 9 11 9 29 29
29 9 0 10 10 29 29
26 11 10 0 9 25 26
27 9 10 9 0 26 27
10 29 29 25 26 0 9
11 29 29 26 27 9 0
