10 5 250 55 45
41 43 54 116 22
134 112 142 279 39
112 72 111 229 23
64 52 78 151 22
53 32 47 88 16
83 43 83 173 15
110 70 81 224 38
37 39 57 86 10
144 98 154 337 39
134 89 176 325 38
22 51 39 25 16 31 37 16 51 49
0 8 16 9 16 14 14 13 9 7
8 0 13 2 13 12 12 12 11 6
16 13 0 13 3 19 20 19 12 17
9 2 13 0 14 12 11 11 11 6
16 13 3 14 0 20 20 19 12 17
14 12 19 12 20 0 3 3 13 10
14 12 20 11 20 3 0 2 14 10
13 12 19 11 19 3 2 0 13 9
9 11 12 11 12 13 14 13 0 12
7 6 17 6 17 10 10 9 12 0
0 28 23 25 8
28 0 23 10 27
23 23 0 20 21
25 10 20 0 24
8 27 21 24 0
