7 10 250 44 56
11 21 11 4 10 8 8 6 13 12
22 36 46 11 31 21 11 12 22 45
52 106 104 25 55 50 34 42 59 70
46 110 97 29 57 35 37 35 73 64
33 71 62 25 39 21 21 14 34 35
44 89 78 30 62 50 28 32 64 68
130 274 265 74 149 122 75 85 151 194
10 21 53 51 30 49 129
0 14 13 13 3 2 2
14 0 3 3 16 14 15
13 3 0 2 15 13 13
13 3 2 0 15 13 14
3 16 15 15 0 3 3
2 14 13 13 3 0 2
2 15 13 14 3 2 0
0 8 31 31 16 31 31 9 17 9
8 0 30 31 16 30 30 9 16 10
31 30 0 9 27 10 8 31 27 31
31 31 9 0 27 9 9 32 28 32
16 16 27 27 0 27 27 15 9 15
31 30 10 9 27 0 9 31 27 32
31 30 8 9 27 9 0 31 28 31
9 9 31 32 15 31 31 0 16 8
17 16 27 28 9 27 28 16 0 16
9 10 31 32 15 32 31 8 16 0
