4 9 250 27 73
31 66 15 42 54 85 35 52 33
32 64 19 41 71 101 34 39 40
97 227 78 153 197 371 156 202 122
99 211 55 127 167 285 106 144 91
37 41 161 120
0 2 18 4
2 0 17 4
18 17 0 18
4 4 18 0
0 14 9 14 11 15 12 17 14
14 0 14 14 15 15 15 15 9
9 14 0 14 11 15 11 18 14
14 14 14 0 12 12 12 17 14
11 15 11 12 0 15 9 18 15
15 15 15 12 15 0 15 13 14
12 15 11 12 9 15 0 18 15
17 15 18 17 18 13 18 0 15
14 9 14 14 15 14 15 15 0
