10 6 250 54 46
15 13 10 15 20 14
33 49 13 23 40 34
29 47 26 27 46 40
36 36 21 27 40 29
57 84 34 42 80 70
12 25 11 23 32 26
14 10 1 11 12 15
32 43 14 25 46 39
27 36 12 17 35 21
15 31 11 8 31 28
18 38 39 34 81 26 14 37 33 24
0 14 18 13 13 17 20 14 14 20
14 0 12 8 14 13 16 7 5 15
18 12 0 11 16 6 15 11 13 14
13 8 11 0 11 12 13 5 7 13
13 14 16 11 0 16 12 12 13 13
17 13 6 12 16 0 15 11 13 15
20 16 15 13 12 15 0 14 16 6
14 7 11 5 12 11 14 0 7 13
14 5 13 7 13 13 16 7 0 15
20 15 14 13 13 15 6 13 15 0
0 26 28 26 28 28
26 0 20 26 20 20
28 20 0 15 9 7
26 26 15 0 15 15
28 20 9 15 0 8
28 20 7 15 8 0
