9 4 250 11 89
38 53 61 15
29 34 30 10
115 154 137 24
118 174 148 48
62 110 86 19
70 101 91 29
131 182 181 37
65 69 65 13
140 190 174 36
19 11 52 50 32 35 55 22 65
0 14 9 10 5 6 13 13 4
14 0 17 20 14 15 4 4 14
9 17 0 9 9 8 16 16 9
10 20 9 0 9 9 19 19 9
5 14 9 9 0 5 14 14 4
6 15 8 9 5 0 14 14 6
13 4 16 19 14 14 0 4 14
13 4 16 19 14 14 4 0 14
4 14 9 9 4 6 14 14 0
0 18 18 13
18 0 6 22
18 6 0 22
13 22 22 0
