9 5 250 52 48
35 22 21 15 17
248 144 162 78 87
146 59 96 48 50
295 141 162 94 109
105 65 62 32 33
101 63 60 48 56
101 72 83 37 40
141 90 86 52 49
108 62 64 38 26
11 66 33 79 30 27 30 37 27
0 14 19 19 19 12 19 14 14
14 0 16 18 18 4 17 3 3
19 16 0 5 4 15 4 17 16
19 18 5 0 3 17 4 18 17
19 18 4 3 0 16 4 18 17
12 4 15 17 16 0 16 5 4
19 17 4 4 4 16 0 18 16
14 3 17 18 18 5 18 0 4
14 3 16 17 17 4 16 4 0
0 22 10 21 28
22 0 22 11 33
10 22 0 22 26
21 11 22 0 34
28 33 26 34 0
