10 10 250 2 98
16 8 13 11 12 15 11 3 16 15
21 8 20 16 8 22 15 6 18 28
29 24 27 29 12 28 21 9 37 37
8 5 12 10 7 12 12 6 22 13
13 7 7 11 4 15 10 2 11 16
14 4 10 23 11 7 12 3 9 17
7 6 10 11 5 15 14 5 14 15
13 7 11 13 5 17 9 4 18 19
17 11 15 11 7 17 12 7 25 26
14 2 21 18 11 21 15 4 24 23
31 44 60 26 23 26 28 32 35 40
0 6 3 6 18 6 15 19 15 6
6 0 6 3 14 3 13 15 13 3
3 6 0 6 18 5 16 19 16 6
6 3 6 0 14 3 13 15 13 4
18 14 18 14 0 15 8 3 8 14
6 3 5 3 15 0 13 16 13 3
15 13 16 13 8 13 0 8 2 12
19 15 19 15 3 16 8 0 9 15
15 13 16 13 8 13 2 9 0 12
6 3 6 4 14 3 12 15 12 0
0 13 22 31 22 13 23 10 13 29
13 0 25 33 23 15 25 12 12 31
22 25 0 31 23 23 23 23 24 29
31 33 31 0 26 29 24 31 34 12
22 23 23 26 0 18 11 22 24 24
13 15 23 29 18 0 19 13 16 27
23 25 23 24 11 19 0 23 25 23
10 12 23 31 22 13 23 0 13 29
13 12 24 34 24 16 25 13 0 32
29 31 29 12 24 27 23 29 32 0
