8 9 250 54 46
36 21 18 73 25 41 104 33 63
31 27 11 84 39 53 120 37 70
68 62 41 239 74 127 293 86 170
19 15 12 66 27 46 82 28 38
49 36 24 129 55 74 177 56 91
22 21 20 67 19 42 98 24 44
38 41 19 123 40 65 203 67 102
36 24 15 87 41 58 122 39 59
28 33 77 25 46 29 48 38
0 18 5 18 17 5 16 16
18 0 15 6 5 16 16 18
5 15 0 15 14 4 15 15
18 6 15 0 6 16 14 16
17 5 14 6 0 15 17 19
5 16 4 16 15 0 13 13
16 16 15 14 17 13 0 4
16 18 15 16 19 13 4 0
0 15 10 10 15 15 15 15 10
15 0 15 15 10 10 10 10 16
10 15 0 10 15 15 15 15 10
10 15 10 0 15 15 15 15 10
15 10 15 15 0 10 10 10 15
15 10 15 15 10 0 10 10 16
15 10 15 15 10 10 0 10 16
15 10 15 15 10 10 10 0 15
10 16 10 10 15 16 16 15 0
