10 7 250 36 64
34 38 54 61 20 44 9
66 81 132 151 39 125 30
71 77 117 138 46 88 22
50 46 72 105 25 78 16
68 77 131 134 42 117 27
51 53 90 92 25 74 20
62 63 153 134 57 137 33
30 35 44 57 15 37 12
27 26 60 48 14 49 7
35 40 77 92 28 61 8
19 53 48 31 48 32 46 17 17 28
0 9 7 11 9 10 7 11 11 7
9 0 9 8 5 8 8 8 8 8
7 9 0 10 9 10 6 10 10 6
11 8 10 0 9 5 11 5 5 11
9 5 9 9 0 8 8 8 8 8
10 8 10 5 8 0 10 5 5 10
7 8 6 11 8 10 0 11 11 5
11 8 10 5 8 5 11 0 5 11
11 8 10 5 8 5 11 5 0 11
7 8 6 11 8 10 5 11 11 0
0 22 21 23 29 34 10
22 0 10 11 18 23 21
21 10 0 11 20 25 20
23 11 11 0 18 24 21
29 18 20 18 0 15 27
34 23 25 24 15 0 33
10 21 20 21 27 33 0
