7 8 250 93 7
8 22 131 9 23 28 123 35
10 17 114 3 28 26 124 45
21 33 223 19 40 42 216 82
31 71 337 17 69 91 329 123
11 25 122 6 36 28 136 56
24 47 268 21 77 73 326 123
9 19 114 11 23 29 133 43
31 31 57 81 31 68 29
0 11 13 11 12 19 11
11 0 11 15 8 15 4
13 11 0 14 11 14 11
11 15 14 0 13 17 15
12 8 11 13 0 12 8
19 15 14 17 12 0 15
11 4 11 15 8 15 0
0 13 20 8 13 19 8 20
13 0 26 15 6 26 13 26
20 26 0 18 26 7 19 7
8 15 18 0 14 18 8 18
13 6 26 14 0 25 13 26
19 26 7 18 25 0 19 7
8 13 19 8 13 19 0 20
20 26 7 18 26 7 20 0
