6 7 250 16 84
89 58 138 12 80 102 82
52 56 106 12 37 82 50
230 163 386 56 214 321 197
160 113 233 30 125 208 116
56 33 97 16 60 77 52
56 36 112 11 46 70 57
42 34 114 79 30 30
0 4 9 12 12 8
4 0 10 11 11 9
9 10 0 17 16 4
12 11 17 0 4 16
12 11 16 4 0 16
8 9 4 16 16 0
0 25 24 24 24 24 22
25 0 27 24 9 12 21
24 27 0 12 24 22 14
24 24 12 0 21 19 9
24 9 24 21 0 9 19
24 12 22 19 9 0 16
22 21 14 9 19 16 0
