9 10 250 15 85
28 43 33 43 26 47 40 35 25 35
48 42 46 64 32 69 59 53 31 37
44 61 64 75 49 90 67 50 37 53
23 35 23 37 24 41 27 21 15 23
30 43 24 40 23 41 29 25 21 24
73 86 74 92 67 123 76 72 43 64
90 85 72 95 55 119 83 74 56 67
16 30 27 36 28 31 25 20 14 16
64 82 64 72 54 101 67 68 40 48
28 38 43 20 25 57 65 18 53
0 15 5 5 6 7 15 12 8
15 0 16 16 16 18 6 9 14
5 16 0 5 6 8 16 12 9
5 16 5 0 6 7 16 12 9
6 16 6 6 0 7 16 12 7
7 18 8 7 7 0 18 15 8
15 6 16 16 16 18 0 10 14
12 9 12 12 12 15 10 0 12
8 14 9 9 7 8 14 12 0
0 8 18 17 22 20 19 12 16 17
8 0 20 17 24 21 20 14 17 19
18 20 0 28 23 26 25 18 27 7
17 17 28 0 23 15 15 16 8 26
22 24 23 23 0 21 22 17 20 23
20 21 26 15 21 0 7 15 16 24
19 20 25 15 22 7 0 15 16 24
12 14 18 16 17 15 15 0 15 17
16 17 27 8 20 16 16 15 0 26
17 19 7 26 23 24 24 17 26 0
