9 4 250 5 95
29 47 38 24
26 53 47 25
112 203 131 108
71 109 89 54
40 61 53 32
25 41 28 27
23 73 46 37
37 90 60 40
25 33 18 14
22 25 101 57 35 23 30 40 15
0 6 19 16 19 20 6 5 16
6 0 18 15 19 19 5 6 15
19 18 0 17 6 6 18 18 19
16 15 17 0 18 18 15 15 6
19 19 6 18 0 6 18 19 19
20 19 6 18 6 0 19 19 20
6 5 18 15 18 19 0 5 15
5 6 18 15 19 19 5 0 15
16 15 19 6 19 20 15 15 0
0 14 25 19
14 0 39 27
25 39 0 7
19 27 7 0
