8 5 250 20 80
36 33 21 72 31
21 33 19 59 26
91 169 76 204 100
35 55 11 80 29
32 61 36 86 38
35 68 32 81 45
61 110 65 148 74
68 100 62 168 89
27 19 77 28 35 37 61 61
0 9 14 8 7 12 12 13
9 0 8 12 12 8 8 7
14 8 0 16 16 12 12 4
8 12 16 0 3 15 15 15
7 12 16 3 0 15 15 15
12 8 12 15 15 0 3 12
12 8 12 15 15 3 0 12
13 7 4 15 15 12 12 0
0 18 26 21 9
18 0 31 31 19
26 31 0 30 26
21 31 30 0 20
9 19 26 20 0
