7 6 250 22 78
16 16 31 24 26 69
25 27 81 53 49 168
69 72 178 109 115 363
27 40 84 54 46 171
33 21 59 34 33 98
15 21 47 39 34 101
12 11 39 24 24 84
23 54 117 57 36 32 25
0 15 9 12 10 6 10
15 0 7 7 12 11 7
9 7 0 7 4 4 4
12 7 7 0 11 6 12
10 12 4 11 0 4 8
6 11 4 6 4 0 9
10 7 4 12 8 9 0
0 11 22 21 23 10
11 0 22 22 24 11
22 22 0 11 11 21
21 22 11 0 11 20
23 24 11 11 0 22
10 11 21 20 22 0
