6 7 250 69 31
38 36 9 28 28 39 33
27 22 5 19 28 38 18
118 126 21 65 74 96 69
50 60 18 39 40 63 46
70 95 10 40 56 65 45
98 144 24 79 111 109 72
30 26 91 50 53 91
0 14 17 12 19 18
14 0 7 6 13 7
17 7 0 13 6 2
12 6 13 0 19 13
19 13 6 19 0 8
18 7 2 13 8 0
0 9 30 32 10 29 31
9 0 29 31 10 27 30
30 29 0 10 29 10 9
32 31 10 0 31 11 10
10 10 29 31 0 28 30
29 27 10 11 28 0 11
31 30 9 10 30 11 0
