7 6 250 27 73
14 24 31 23 8 18
16 19 19 16 11 16
36 60 39 41 18 32
43 51 52 47 23 29
27 29 25 18 12 24
14 19 18 15 12 17
48 46 71 51 24 43
32 28 63 68 35 28 87
0 16 4 14 4 15 15
16 0 16 7 16 7 6
4 16 0 14 4 14 15
14 7 14 0 14 4 4
4 16 4 14 0 15 15
15 7 14 4 15 0 5
15 6 15 4 15 5 0
0 8 13 9 14 15
8 0 13 9 14 15
13 13 0 14 8 12
9 9 14 0 14 16
14 14 8 14 0 12
15 15 12 16 12 0
