7 9 250 11 89
19 15 7 30 24 21 5 11 14
38 38 29 61 40 29 16 31 28
30 28 18 45 56 26 10 40 25
25 24 21 41 36 42 12 27 20
50 55 50 107 90 84 25 63 37
49 57 38 102 92 70 24 38 30
25 24 11 26 36 25 8 19 17
24 52 43 40 83 76 28
0 9 12 6 8 9 8
9 0 7 8 5 8 7
12 7 0 11 7 9 9
6 8 11 0 8 10 6
8 5 7 8 0 8 7
9 8 9 10 8 0 11
8 7 9 6 7 11 0
0 17 23 20 11 24 25 18 20
17 0 23 24 18 25 26 9 25
23 23 0 15 22 13 13 23 17
20 24 15 0 19 16 17 25 10
11 18 22 19 0 24 25 19 19
24 25 13 16 24 0 10 25 17
25 26 13 17 25 10 0 26 19
18 9 23 25 19 25 26 0 25
20 25 17 10 19 17 19 25 0
