6 5 250 12 88
30 116 40 72 43
23 82 39 54 33
48 200 71 99 59
52 153 46 84 49
51 221 73 103 71
43 139 51 74 51
41 37 69 60 78 57
0 14 15 4 4 4
14 0 4 13 14 14
15 4 0 14 15 14
4 13 14 0 5 4
4 14 15 5 0 4
4 14 14 4 4 0
0 26 10 10 35
26 0 27 26 18
10 27 0 7 36
10 26 7 0 36
35 18 36 36 0
