9 7 250 35 65
16 18 20 37 16 30 11
37 42 42 125 48 93 52
25 49 35 97 39 90 34
20 29 44 94 35 78 37
38 29 35 94 47 94 39
16 15 26 56 30 43 19
14 18 18 40 27 43 22
31 33 46 83 53 79 38
20 20 21 59 24 52 18
19 54 44 44 50 24 26 44 26
0 17 4 2 18 17 18 2 17
17 0 17 18 2 2 3 17 2
4 17 0 4 19 18 18 3 18
2 18 4 0 19 18 19 3 18
18 2 19 19 0 3 3 18 3
17 2 18 18 3 0 2 18 2
18 3 18 19 3 2 0 18 2
2 17 3 3 18 18 18 0 17
17 2 18 18 3 2 2 17 0
0 15 15 7 7 14 15
15 0 8 15 15 8 7
15 8 0 15 15 7 8
7 15 15 0 7 15 16
7 15 15 7 0 15 15
14 8 7 15 15 0 8
15 7 8 16 15 8 0
