6 10 250 19 81
10 14 14 13 20 8 11 10 16 23
45 81 65 57 122 77 32 41 73 116
15 24 18 29 38 24 14 19 29 46
17 14 11 12 39 24 12 13 16 34
15 21 11 17 48 33 19 11 19 46
12 29 11 15 41 32 15 14 19 41
26 139 47 40 45 41
0 12 10 14 11 5
12 0 8 10 8 8
10 8 0 15 12 5
14 10 15 0 4 13
11 8 12 4 0 10
5 8 5 13 10 0
0 15 26 23 27 26 14 15 20 24
15 0 20 17 21 20 10 10 16 17
26 20 0 18 10 10 22 21 19 17
23 17 18 0 17 16 18 18 13 9
27 21 10 17 0 10 23 22 18 17
26 20 10 16 10 0 22 21 18 16
14 10 22 18 23 22 0 9 18 19
15 10 21 18 22 21 9 0 17 19
20 16 19 13 18 18 18 17 0 14
24 17 17 9 17 16 19 19 14 0
