8 5 250 7 93
84 58 28 44 33
196 131 50 127 70
158 72 45 61 56
92 68 25 41 33
41 34 12 30 28
236 114 53 97 85
159 78 30 73 50
81 58 19 48 39
28 62 52 30 16 63 46 27
0 4 16 17 16 17 16 5
4 0 16 17 16 17 16 6
16 16 0 4 4 4 3 14
17 17 4 0 5 4 4 16
16 16 4 5 0 4 4 14
17 17 4 4 4 0 4 15
16 16 3 4 4 4 0 15
5 6 14 16 14 15 15 0
0 25 10 10 8
25 0 30 23 24
10 30 0 13 11
10 23 13 0 7
8 24 11 7 0
