7 10 250 72 28
25 11 23 33 8 15 10 20 45 30
59 59 77 96 55 21 20 64 90 111
56 50 57 82 54 34 20 70 105 77
57 30 47 67 45 28 25 35 86 87
92 52 84 103 53 38 26 65 126 98
17 14 18 26 9 6 10 22 41 22
26 21 26 34 17 20 9 25 43 34
22 70 69 51 76 22 30
0 9 4 4 14 12 11
9 0 10 10 12 8 8
4 10 0 3 15 13 12
4 10 3 0 15 13 12
14 12 15 15 0 11 11
12 8 13 13 11 0 4
11 8 12 12 11 4 0
0 11 17 11 11 10 17 19 17 17
11 0 17 12 12 11 17 18 17 17
17 17 0 16 16 17 12 23 12 11
11 12 16 0 11 11 16 19 16 16
11 12 16 11 0 12 16 20 16 16
10 11 17 11 12 0 17 18 17 17
17 17 12 16 16 17 0 24 10 11
19 18 23 19 20 18 24 0 24 23
17 17 12 16 16 17 10 24 0 12
17 17 11 16 16 17 11 23 12 0
