8 9 250 3 97
19 10 27 6 14 18 19 28 32
31 26 52 17 28 30 40 38 41
44 15 50 9 32 28 39 35 43
13 8 10 12 10 16 19 17 17
28 12 25 7 13 21 21 21 26
19 10 19 8 13 22 24 22 26
21 4 29 3 9 13 16 15 11
18 13 37 3 21 24 24 32 25
41 73 71 25 41 40 28 42
0 11 8 12 8 2 8 8
11 0 6 2 6 11 6 7
8 6 0 7 2 8 5 2
12 2 7 0 7 12 6 7
8 6 2 7 0 8 5 2
2 11 8 12 8 0 8 8
8 6 5 6 5 8 0 5
8 7 2 7 2 8 5 0
0 10 9 22 17 20 12 30 21
10 0 9 23 18 21 14 31 23
9 9 0 22 17 21 13 30 21
22 23 22 0 15 25 19 22 9
17 18 17 15 0 18 15 22 15
20 21 21 25 18 0 19 25 24
12 14 13 19 15 19 0 29 19
30 31 30 22 22 25 29 0 22
21 23 21 9 15 24 19 22 0
