7 8 250 26 74
49 40 27 77 31 28 56 52
37 34 32 63 21 12 38 40
66 68 44 114 52 48 69 117
46 54 32 79 36 32 47 57
85 85 49 179 45 55 111 133
78 62 38 120 39 39 97 110
36 29 27 59 31 35 45 48
41 30 63 40 81 66 34
0 13 17 3 14 14 3
13 0 17 13 4 3 13
17 17 0 17 16 17 17
3 13 17 0 14 14 2
14 4 16 14 0 4 14
14 3 17 14 4 0 14
3 13 17 2 14 14 0
0 15 13 7 16 15 11 12
15 0 19 16 19 19 13 18
13 19 0 12 11 11 17 7
7 16 12 0 15 15 12 12
16 19 11 15 0 7 18 11
15 19 11 15 7 0 18 10
11 13 17 12 18 18 0 16
12 18 7 12 11 10 16 0
