7 10 250 17 83
3 5 10 5 15 12 6 0 5 10
7 8 16 18 24 19 11 3 7 22
8 11 11 11 29 19 15 5 14 21
17 11 19 26 28 42 31 4 17 48
19 14 33 27 38 43 22 9 26 61
9 7 18 19 19 21 17 2 14 30
10 4 16 10 18 12 16 3 10 17
19 42 42 64 79 51 37
0 13 14 5 7 10 5
13 0 5 14 17 10 14
14 5 0 15 17 9 14
5 14 15 0 6 12 5
7 17 17 6 0 13 7
10 10 9 12 13 0 11
5 14 14 5 7 11 0
0 26 8 18 16 16 16 25 11 16
26 0 26 17 30 31 31 9 28 30
8 26 0 18 17 17 17 26 11 17
18 17 18 0 23 24 24 17 20 23
16 30 17 23 0 9 8 30 13 8
16 31 17 24 9 0 8 31 13 9
16 31 17 24 8 8 0 31 13 9
25 9 26 17 30 31 31 0 27 30
11 28 11 20 13 13 13 27 0 13
16 30 17 23 8 9 9 30 13 0
