9 10 250 19 81
18 40 15 18 5 9 23 24 17 27
55 155 38 117 27 53 73 88 95 125
24 65 27 55 14 21 51 33 37 65
16 51 18 39 12 12 34 34 29 32
20 46 9 53 17 24 48 42 33 61
51 158 45 125 41 45 114 73 99 143
12 53 11 41 8 14 27 25 20 35
39 90 39 69 17 22 64 45 46 81
28 63 23 57 18 27 49 51 31 56
16 76 34 23 32 72 19 45 30
0 13 9 13 11 16 17 4 17
13 0 10 4 17 12 13 14 10
9 10 0 11 11 11 13 10 11
13 4 11 0 16 12 13 14 10
11 17 11 16 0 13 13 11 16
16 12 11 12 13 0 5 16 6
17 13 13 13 13 5 0 17 8
4 14 10 14 11 16 17 0 17
17 10 11 10 16 6 8 17 0
0 13 14 8 15 15 11 13 8 15
13 0 14 13 16 16 12 8 13 16
14 14 0 15 12 12 13 14 14 12
8 13 15 0 15 16 11 14 8 16
15 16 12 15 0 8 13 17 15 8
15 16 12 16 8 0 13 17 15 8
11 12 13 11 13 13 0 12 11 13
13 8 14 14 17 17 12 0 14 16
8 13 14 8 15 15 11 14 0 15
15 16 12 16 8 8 13 16 15 0
