10 8 250 12 88
12 22 33 19 14 7 5 18
15 38 33 21 29 13 17 32
22 46 48 32 25 15 13 34
34 59 62 39 34 11 19 58
33 60 48 37 44 18 23 38
22 41 59 23 26 16 14 28
25 45 43 55 35 19 17 46
8 10 11 5 5 0 8 8
11 24 14 20 16 7 8 23
17 19 17 13 14 4 9 16
21 33 42 60 47 40 45 11 20 20
0 3 3 11 10 10 10 2 2 2
3 0 2 10 10 10 10 2 2 2
3 2 0 10 10 9 10 3 2 3
11 10 10 0 2 3 2 11 11 11
10 10 10 2 0 2 2 10 10 10
10 10 9 3 2 0 2 10 10 10
10 10 10 2 2 2 0 10 10 11
2 2 3 11 10 10 10 0 2 2
2 2 2 11 10 10 10 2 0 2
2 2 3 11 10 10 11 2 2 0
0 24 21 8 24 13 11 23
24 0 25 25 7 29 23 26
21 25 0 21 24 21 19 8
8 25 21 0 25 12 12 22
24 7 24 25 0 29 23 25
13 29 21 12 29 0 12 22
11 23 19 12 23 12 0 20
23 26 8 22 25 22 20 0
