5 10 250 30 70
52 38 85 96 81 171 54 22 56 70
75 50 115 134 128 221 88 46 88 79
139 53 185 243 202 310 138 58 146 145
37 22 41 63 53 92 38 25 34 22
64 33 91 103 89 163 54 33 65 69
55 70 125 30 63
0 14 8 13 14
14 0 10 4 3
8 10 0 9 10
13 4 9 0 4
14 3 10 4 0
0 18 28 24 37 19 37 27 22 22
18 0 22 11 28 7 27 18 12 9
28 22 0 25 23 24 18 23 27 25
24 11 25 0 26 10 25 19 9 8
37 28 23 26 0 29 20 34 28 28
19 7 24 10 29 0 28 18 10 7
37 27 18 25 20 28 0 24 29 26
27 18 23 19 34 18 24 0 22 18
22 12 27 9 28 10 29 22 0 9
22 9 25 8 28 7 26 18 9 0
