9 9 250 3 97
8 9 17 7 4 12 16 1 5
9 6 11 4 6 9 6 3 10
17 13 35 15 4 14 34 10 18
34 15 54 22 13 26 41 6 27
11 12 21 7 5 8 14 3 14
24 17 43 9 11 14 28 9 21
44 29 75 38 25 33 49 21 37
30 15 38 16 10 17 30 11 21
43 15 52 13 13 17 39 11 17
16 14 31 48 22 36 76 38 48
0 8 3 7 7 2 8 5 8
8 0 6 3 14 6 5 5 6
3 6 0 6 10 2 5 4 7
7 3 6 0 12 5 6 3 2
7 14 10 12 0 8 14 9 10
2 6 2 5 8 0 6 2 5
8 5 5 6 14 6 0 5 7
5 5 4 3 9 2 5 0 3
8 6 7 2 10 5 7 3 0
0 6 19 11 11 11 19 16 18
6 0 19 11 11 11 19 16 18
19 19 0 13 13 13 6 16 6
11 11 13 0 6 6 13 13 13
11 11 13 6 0 6 13 13 12
11 11 13 6 6 0 13 13 13
19 19 6 13 13 13 0 16 6
16 16 16 13 13 13 16 0 16
18 18 6 13 12 13 6 16 0
