5 8 250 19 81
43 44 28 122 52 38 80 43
37 48 24 111 44 30 70 37
57 58 31 157 57 62 112 54
89 147 81 309 122 128 180 117
29 29 11 111 45 46 80 32
49 50 66 131 42
0 4 10 16 4
4 0 10 17 4
10 10 0 11 10
16 17 11 0 17
4 4 10 17 0
0 21 21 14 18 18 7 19
21 0 8 17 24 23 22 24
21 8 0 17 25 24 22 25
14 17 17 0 20 19 14 20
18 24 25 20 0 8 18 8
18 23 24 19 8 0 18 8
7 22 22 14 18 18 0 19
19 24 25 20 8 8 19 0
