6 9 250 98 2
43 38 56 153 54 58 72 79 100
27 29 40 135 39 34 68 54 75
55 46 70 227 77 84 87 100 135
43 46 55 180 61 64 76 79 109
86 90 118 377 128 106 142 140 240
49 39 54 177 55 50 71 60 94
46 33 62 46 108 46
0 14 4 17 14 13
14 0 13 13 6 5
4 13 0 17 14 12
17 13 17 0 12 11
14 6 14 12 0 4
13 5 12 11 4 0
0 26 38 26 9 23 38 38 25
26 0 28 8 26 9 29 28 8
38 28 0 28 36 29 9 9 27
26 8 28 0 26 10 29 28 8
9 26 36 26 0 24 36 36 25
23 9 29 10 24 0 30 30 9
38 29 9 29 36 30 0 7 28
38 28 9 28 36 30 7 0 27
25 8 27 8 25 9 28 27 0
