10 9 250 19 81
6 17 11 9 20 17 3 9 7
19 42 49 45 56 55 20 28 27
18 32 43 40 47 42 14 36 25
19 35 42 24 33 34 10 25 18
12 30 30 34 30 25 12 24 16
12 27 24 14 23 28 15 12 15
25 35 39 41 49 49 14 19 24
26 32 67 35 56 56 16 25 29
19 49 51 30 59 40 15 32 23
19 44 38 32 40 36 23 19 32
14 46 38 30 28 25 40 48 39 41
0 20 4 4 4 19 19 20 20 17
20 0 19 19 19 5 5 4 4 20
4 19 0 4 4 19 18 20 19 17
4 19 4 0 4 19 19 20 20 16
4 19 4 4 0 19 18 19 19 16
19 5 19 19 19 0 4 4 4 19
19 5 18 19 18 4 0 5 5 19
20 4 20 20 19 4 5 0 4 20
20 4 19 20 19 4 5 4 0 19
17 20 17 16 16 19 19 20 19 0
0 33 28 32 33 35 8 36 26
33 0 14 19 10 13 34 13 16
28 14 0 20 13 18 28 19 11
32 19 20 0 20 18 33 19 19
33 10 13 20 0 16 33 16 16
35 13 18 18 16 0 36 9 18
8 34 28 33 33 36 0 37 26
36 13 19 19 16 9 37 0 19
26 16 11 19 16 18 26 19 0
