6 4 250 14 86
99 90 61 18
242 221 118 67
229 164 92 49
140 139 50 32
185 183 110 62
230 194 108 44
29 80 57 46 59 62
0 14 16 3 13 15
14 0 14 15 2 13
16 14 0 16 15 2
3 15 16 0 14 15
13 2 15 14 0 14
15 13 2 15 14 0
0 31 32 29
31 0 8 8
32 8 0 8
29 8 8 0
