7 8 250 47 53
16 3 8 4 9 23 5 9
16 4 7 6 14 27 13 6
36 21 26 17 42 52 31 23
25 8 13 7 22 43 8 11
85 35 61 33 76 137 49 50
7 3 6 3 11 9 5 4
17 7 13 7 13 25 11 9
20 26 75 40 136 14 27
0 4 17 16 5 5 17
4 0 17 16 4 4 17
17 17 0 4 17 16 4
16 16 4 0 16 16 4
5 4 17 16 0 4 17
5 4 16 16 4 0 16
17 17 4 4 17 16 0
0 30 23 22 37 30 8 22
30 0 32 23 25 8 30 30
23 32 0 34 29 32 23 9
22 23 34 0 36 23 22 32
37 25 29 36 0 26 37 29
30 8 32 23 26 0 30 30
8 30 23 22 37 30 0 22
22 30 9 32 29 30 22 0
