8 9 250 29 71
21 21 16 17 23 36 43 13 21
16 23 11 23 23 30 44 14 13
28 47 24 46 46 66 79 27 37
30 39 24 39 43 55 72 23 31
57 96 37 92 98 126 185 54 56
35 62 23 44 46 64 120 39 26
23 34 20 38 38 36 73 21 24
42 85 33 79 88 101 179 55 54
20 19 44 38 71 48 31 66
0 14 14 3 5 12 10 5
14 0 3 14 12 7 7 12
14 3 0 14 12 7 7 12
3 14 14 0 5 12 11 5
5 12 12 5 0 10 8 4
12 7 7 12 10 0 5 11
10 7 7 11 8 5 0 9
5 12 12 5 4 11 9 0
0 17 17 17 16 17 10 20 19
17 0 10 10 15 10 18 14 17
17 10 0 10 15 10 18 13 17
17 10 10 0 15 10 17 14 17
16 15 15 15 0 15 17 15 14
17 10 10 10 15 0 18 13 17
10 18 18 17 17 18 0 21 19
20 14 13 14 15 13 21 0 18
19 17 17 17 14 17 19 18 0
