5 6 250 9 91
155 83 108 181 69 46
164 109 178 239 123 68
232 117 169 270 131 73
163 68 144 210 100 74
116 72 122 198 81 45
52 84 84 63 52
0 5 15 15 4
5 0 18 17 3
15 18 0 2 16
15 17 2 0 15
4 3 16 15 0
0 28 7 6 20 7
28 0 27 28 24 27
7 27 0 7 20 6
6 28 7 0 21 7
20 24 20 21 0 20
7 27 6 7 20 0
