4 6 250 5 95
56 42 29 50 37 47
141 138 72 151 94 91
108 102 65 123 83 74
126 128 63 120 80 78
44 113 89 94
0 19 18 20
19 0 4 4
18 4 0 5
20 4 5 0
0 13 21 19 22 14
13 0 23 21 22 9
21 23 0 21 26 23
19 21 21 0 15 21
22 22 26 15 0 22
14 9 23 21 22 0
