6 8 250 13 87
4 10 7 5 1 9 36 11
18 35 15 21 6 21 82 29
17 29 16 24 11 25 90 23
14 32 21 19 9 26 71 12
50 107 39 76 19 38 197 43
14 29 8 13 7 17 61 16
21 49 59 47 125 42
0 20 20 14 18 17
20 0 4 16 8 9
20 4 0 16 9 11
14 16 16 0 14 14
18 8 9 14 0 4
17 9 11 14 4 0
0 30 9 32 8 30 23 10
30 0 27 11 28 24 39 26
9 27 0 30 9 29 24 9
32 11 30 0 31 22 39 29
8 28 9 31 0 29 24 9
30 24 29 22 29 0 29 27
23 39 24 39 24 29 0 24
10 26 9 29 9 27 24 0
