8 5 250 46 54
19 24 29 12 21
51 78 90 39 56
34 55 67 16 37
23 30 55 20 28
24 33 49 13 26
44 66 87 24 63
46 50 78 22 51
38 41 63 15 32
22 58 45 34 27 52 50 37
0 13 14 13 14 14 14 19
13 0 3 2 3 2 2 12
14 3 0 3 2 2 2 12
13 2 3 0 3 2 2 12
14 3 2 3 0 2 2 12
14 2 2 2 2 0 2 12
14 2 2 2 2 2 0 12
19 12 12 12 12 12 12 0
0 18 9 19 19
18 0 17 8 8
9 17 0 18 17
19 8 18 0 8
19 8 17 8 0
