6 8 250 11 89
51 44 37 82 32 35 23 20
34 44 49 74 24 42 18 28
86 90 97 167 60 78 54 55
117 143 119 210 60 93 74 90
64 66 57 107 35 58 44 51
61 88 68 110 52 70 38 51
34 30 69 95 49 55
0 5 12 9 9 12
5 0 11 8 9 11
12 11 0 10 10 8
9 8 10 0 4 12
9 9 10 4 0 12
12 11 8 12 12 0
0 12 12 12 7 7 11 12
12 0 14 14 13 11 7 15
12 14 0 7 13 12 14 15
12 14 7 0 13 12 14 16
7 13 13 13 0 7 12 11
7 11 12 12 7 0 11 12
11 7 14 14 12 11 0 15
12 15 15 16 11 12 15 0
