8 6 250 16 84
36 64 14 25 50 19
39 96 33 43 68 14
74 144 55 61 95 19
36 72 27 29 33 11
57 109 37 39 61 21
43 100 35 45 65 23
31 62 32 20 37 13
49 81 31 33 44 11
30 46 73 33 48 46 33 41
0 5 5 7 4 7 4 11
5 0 3 7 3 7 5 12
5 3 0 7 4 7 5 13
7 7 7 0 7 4 6 11
4 3 4 7 0 7 4 12
7 7 7 4 7 0 7 12
4 5 5 6 4 7 0 11
11 12 13 11 12 12 11 0
0 11 23 18 10 19
11 0 26 19 13 17
23 26 0 34 24 15
18 19 34 0 12 31
10 13 24 12 0 21
19 17 15 31 21 0
