10 9 250 28 72
11 5 5 4 8 2 9 4 25
9 6 5 3 8 5 8 2 14
25 13 7 5 15 11 17 12 27
8 8 4 5 7 8 7 6 29
32 16 16 13 20 13 17 19 40
15 9 4 2 9 7 9 7 13
8 8 5 4 2 7 7 7 7
38 21 8 11 26 13 19 12 46
11 6 5 6 9 2 6 4 10
20 8 8 7 17 8 5 6 12
25 19 47 28 65 25 17 65 21 32
0 12 4 13 3 4 4 12 3 12
12 0 13 4 13 12 12 3 13 4
4 13 0 13 4 4 4 13 3 12
13 4 13 0 13 12 13 4 13 4
3 13 4 13 0 4 4 13 3 12
4 12 4 12 4 0 3 12 4 11
4 12 4 13 4 3 0 12 4 12
12 3 13 4 13 12 12 0 12 4
3 13 3 13 3 4 4 12 0 12
12 4 12 4 12 11 12 4 12 0
0 25 6 27 7 20 25 18 23
25 0 25 26 25 24 26 18 30
6 25 0 27 6 20 25 19 23
27 26 27 0 26 38 8 31 16
7 25 6 26 0 21 24 19 22
20 24 20 38 21 0 36 16 35
25 26 25 8 24 36 0 30 14
18 18 19 31 19 16 30 0 32
23 30 23 16 22 35 14 32 0
