7 10 250 29 71
5 5 6 8 16 15 15 16 19 11
17 15 11 22 40 47 35 33 29 29
15 23 8 22 36 28 29 42 20 25
12 9 10 14 27 21 22 27 21 17
6 13 8 10 18 24 23 31 6 16
17 22 12 21 43 51 37 59 34 29
5 4 4 6 10 2 5 9 5 10
26 69 63 45 41 86 15
0 10 17 7 14 8 9
10 0 13 11 12 8 10
17 13 0 12 15 9 9
7 11 12 0 10 6 3
14 12 15 10 0 14 10
8 8 9 6 14 0 5
9 10 9 3 10 5 0
0 22 26 34 27 23 23 21 27 34
22 0 13 19 14 17 8 21 14 20
26 13 0 18 8 15 11 21 8 19
34 19 18 0 18 26 19 31 18 9
27 14 8 18 0 15 13 21 8 20
23 17 15 26 15 0 16 17 15 27
23 8 11 19 13 16 0 21 12 19
21 21 21 31 21 17 21 0 21 32
27 14 8 18 8 15 12 21 0 20
34 20 19 9 20 27 19 32 20 0
