7 4 250 10 90
30 21 19 23
175 132 71 98
82 60 44 51
60 31 25 22
57 49 25 30
55 41 23 26
81 49 40 45
20 98 59 34 39 37 54
0 19 13 17 16 13 13
19 0 19 10 9 16 18
13 19 0 17 16 18 5
17 10 17 0 5 17 16
16 9 16 5 0 16 15
13 16 18 17 16 0 17
13 18 5 16 15 17 0
0 22 21 33
22 0 10 39
21 10 0 39
33 39 39 0
