5 5 250 29 71
189 179 117 86 81
99 81 64 48 32
552 519 425 270 261
126 120 98 54 64
287 251 206 149 147
49 25 145 34 86
0 16 5 16 3
16 0 14 4 15
5 14 0 14 4
16 4 14 0 16
3 15 4 16 0
0 27 26 11 26
27 0 11 27 11
26 11 0 26 10
11 27 26 0 26
26 11 10 26 0
