7 9 250 16 84
9 10 11 21 14 24 11 8 10
17 10 9 26 12 29 12 10 9
41 44 39 89 51 138 67 38 45
7 7 8 28 12 32 16 8 12
30 12 30 48 31 77 29 19 21
62 38 76 141 54 208 102 42 50
37 20 27 54 31 92 53 17 20
19 19 86 19 39 119 47
0 9 12 12 12 12 11
9 0 8 8 8 8 8
12 8 0 3 3 4 3
12 8 3 0 4 4 4
12 8 3 4 0 3 3
12 8 4 4 3 0 3
11 8 3 4 3 3 0
0 10 8 28 23 17 20 8 15
10 0 9 29 24 19 22 10 14
8 9 0 28 24 18 20 9 14
28 29 28 0 19 22 19 27 25
23 24 24 19 0 14 16 22 24
17 19 18 22 14 0 12 17 21
20 22 20 19 16 12 0 19 22
8 10 9 27 22 17 19 0 15
15 14 14 25 24 21 22 15 0
