10 5 250 14 86
70 50 138 41 27
63 28 103 36 19
169 90 313 81 58
79 58 175 43 24
38 25 81 25 15
44 30 102 33 15
147 74 321 87 50
21 11 51 21 9
88 55 190 53 34
74 40 133 46 30
33 23 66 37 19 22 69 11 43 28
0 17 18 10 18 10 11 11 18 10
17 0 14 17 4 17 12 16 4 18
18 14 0 16 14 17 17 16 14 14
10 17 16 0 17 4 11 5 17 12
18 4 14 17 0 17 12 16 3 19
10 17 17 4 17 0 10 4 17 13
11 12 17 11 12 10 0 9 12 16
11 16 16 5 16 4 9 0 16 13
18 4 14 17 3 17 12 16 0 19
10 18 14 12 19 13 16 13 19 0
0 27 20 28 9
27 0 28 9 27
20 28 0 28 19
28 9 28 0 28
9 27 19 28 0
