9 8 250 19 81
8 6 6 44 13 14 8 8
12 5 8 66 15 20 7 7
57 20 17 186 34 77 35 41
99 46 42 377 78 150 75 76
10 9 8 71 16 22 14 10
7 3 2 27 4 6 4 5
3 4 9 24 7 13 3 4
11 4 6 47 12 26 9 9
8 5 2 52 13 13 8 8
17 21 76 162 25 10 10 18 18
0 14 2 11 2 4 13 2 11
14 0 15 15 15 13 15 14 15
2 15 0 11 2 4 14 2 11
11 15 11 0 12 12 20 11 2
2 15 2 12 0 4 14 3 12
4 13 4 12 4 0 11 3 12
13 15 14 20 14 11 0 13 20
2 14 2 11 3 3 13 0 11
11 15 11 2 12 12 20 11 0
0 12 13 13 19 13 13 13
12 0 14 16 18 16 14 16
13 14 0 12 16 13 9 13
13 16 12 0 19 9 13 9
19 18 16 19 0 19 15 19
13 16 13 9 19 0 13 9
13 14 9 13 15 13 0 13
13 16 13 9 19 9 13 0
