8 10 250 4 96
16 8 11 27 29 41 5 8 23 17
124 47 71 277 164 209 48 60 178 123
66 34 51 152 86 100 28 33 95 67
31 8 25 45 42 41 8 5 39 21
27 18 25 64 45 52 11 14 62 50
19 14 18 68 41 40 13 13 40 30
15 10 11 58 32 44 8 2 37 22
32 19 29 77 58 55 16 20 51 46
16 119 70 27 32 28 22 36
0 14 8 9 8 14 4 8
14 0 10 16 10 4 14 10
8 10 0 11 3 10 8 4
9 16 11 0 11 16 9 11
8 10 3 11 0 10 8 4
14 4 10 16 10 0 14 9
4 14 8 9 8 14 0 8
8 10 4 11 4 9 8 0
0 15 18 21 15 15 20 21 15 15
15 0 16 18 8 8 17 17 8 13
18 16 0 26 17 16 13 25 17 19
21 18 26 0 17 18 27 9 17 16
15 8 17 17 0 8 18 17 8 13
15 8 16 18 8 0 17 17 8 13
20 17 13 27 18 17 0 26 18 22
21 17 25 9 17 17 26 0 17 16
15 8 17 17 8 8 18 17 0 13
15 13 19 16 13 13 22 16 13 0
