6 10 250 17 83
3 11 9 8 5 4 4 10 6 10
5 11 14 13 5 4 5 6 3 6
18 27 35 39 41 19 27 43 21 38
19 42 37 39 45 18 22 34 27 33
12 27 23 31 21 15 9 21 17 15
16 29 43 39 23 17 11 44 29 28
20 21 89 86 54 79
0 6 6 5 17 19
6 0 6 5 16 18
6 6 0 6 17 19
5 5 6 0 17 18
17 16 17 17 0 15
19 18 19 18 15 0
0 10 16 16 12 11 15 12 9 9
10 0 15 15 12 13 12 13 11 11
16 15 0 7 16 15 18 17 13 14
16 15 7 0 16 15 18 16 13 14
12 12 16 16 0 17 12 7 13 14
11 13 15 15 17 0 19 17 9 9
15 12 18 18 12 19 0 12 16 16
12 13 17 16 7 17 12 0 14 14
9 11 13 13 13 9 16 14 0 7
9 11 14 14 14 9 16 14 7 0
