7 5 250 5 95
80 31 36 42 67
37 22 12 19 34
305 138 108 143 215
78 42 27 32 36
103 62 29 30 77
97 50 36 46 78
78 42 36 36 52
37 17 129 29 43 49 38
0 14 13 14 13 16 14
14 0 15 6 14 17 12
13 15 0 14 5 8 13
14 6 14 0 14 16 13
13 14 5 14 0 8 13
16 17 8 16 8 0 15
14 12 13 13 13 15 0
0 33 32 32 11
33 0 9 10 35
32 9 0 10 33
32 10 10 0 33
11 35 33 33 0
