4 9 250 21 79
61 54 94 112 68 95 57 35 75
42 41 60 107 71 100 37 37 77
90 85 186 183 116 187 65 50 130
101 98 202 198 134 254 100 69 166
67 48 91 124
0 14 14 14
14 0 3 4
14 3 0 4
14 4 4 0
0 27 21 10 14 13 29 19 13
27 0 30 28 29 30 12 29 29
21 30 0 21 26 21 31 11 24
10 28 21 0 14 12 30 19 13
14 29 26 14 0 14 32 24 11
13 30 21 12 14 0 33 20 13
29 12 31 30 32 33 0 30 32
19 29 11 19 24 20 30 0 23
13 29 24 13 11 13 32 23 0
