8 6 250 13 87
2 22 17 12 15 11
5 18 15 15 12 23
10 57 29 49 34 45
11 24 16 26 20 24
11 67 43 48 39 62
2 39 27 28 21 34
9 64 32 61 34 53
10 41 27 37 22 23
18 21 57 34 73 42 61 37
0 4 3 14 15 4 4 3
4 0 4 13 14 5 4 4
3 4 0 14 15 4 4 3
14 13 14 0 5 15 14 15
15 14 15 5 0 15 15 15
4 5 4 15 15 0 4 3
4 4 4 14 15 4 0 4
3 4 3 15 15 3 4 0
0 14 18 6 9 8
14 0 9 15 16 13
18 9 0 18 20 17
6 15 18 0 10 8
9 16 20 10 0 8
8 13 17 8 8 0
