7 6 250 17 83
24 28 6 59 37 61
35 31 20 78 44 104
36 47 9 84 42 130
52 66 14 165 89 186
29 29 14 78 42 93
35 36 13 76 41 92
24 36 16 74 31 108
29 48 49 87 38 42 41
0 4 15 9 11 16 6
4 0 16 10 12 17 7
15 16 0 10 8 5 16
9 10 10 0 7 11 11
11 12 8 7 0 10 12
16 17 5 11 10 0 17
6 7 16 11 12 17 0
0 17 14 13 13 17
17 0 14 14 19 11
14 14 0 10 17 14
13 14 10 0 16 14
13 19 17 16 0 18
17 11 14 14 18 0
