9 6 250 12 88
8 10 12 33 37 20
22 13 44 58 64 44
33 23 50 69 115 63
26 21 25 63 87 42
27 16 26 32 73 36
21 11 23 47 62 24
30 24 39 39 78 45
22 14 17 30 41 24
25 13 20 27 51 25
20 42 56 46 34 31 46 28 28
0 8 9 4 7 4 13 6 5
8 0 9 9 11 8 13 8 9
9 9 0 9 11 9 9 11 10
4 9 9 0 7 4 12 7 4
7 11 11 7 0 7 15 9 6
4 8 9 4 7 0 13 6 5
13 13 9 12 15 13 0 15 13
6 8 11 7 9 6 15 0 7
5 9 10 4 6 5 13 7 0
0 21 10 21 20 20
21 0 20 21 29 22
10 20 0 21 22 21
21 21 21 0 19 11
20 29 22 19 0 17
20 22 21 11 17 0
