10 6 250 2 98
73 78 58 47 30 102
104 121 66 49 37 129
146 132 81 72 55 181
66 47 37 25 32 78
107 112 68 64 36 149
55 40 33 27 15 55
90 91 52 55 31 105
105 111 60 50 48 138
81 81 73 47 36 139
187 189 115 93 73 205
26 39 49 18 38 18 31 39 36 66
0 2 11 11 6 8 14 11 7 3
2 0 10 11 6 8 14 11 6 2
11 10 0 2 14 5 17 2 7 11
11 11 2 0 15 5 17 2 8 11
6 6 14 15 0 12 14 15 10 6
8 8 5 5 12 0 16 5 7 8
14 14 17 17 14 16 0 18 13 13
11 11 2 2 15 5 18 0 8 11
7 6 7 8 10 7 13 8 0 6
3 2 11 11 6 8 13 11 6 0
0 31 24 12 31 32
31 0 31 27 8 8
24 31 0 26 31 32
12 27 26 0 27 28
31 8 31 27 0 8
32 8 32 28 8 0
