9 6 250 22 78
27 16 35 16 23 21
33 37 38 30 36 40
31 26 32 40 33 43
26 26 40 31 28 24
27 24 40 22 30 32
13 14 15 16 13 14
54 54 64 55 58 53
17 12 28 24 26 32
11 8 8 13 9 11
30 49 49 36 37 20 74 30 15
0 16 17 12 14 17 12 14 17
16 0 6 12 9 6 12 8 7
17 6 0 13 9 7 13 9 8
12 12 13 0 13 13 5 12 14
14 9 9 13 0 9 13 5 9
17 6 7 13 9 0 13 9 6
12 12 13 5 13 13 0 12 14
14 8 9 12 5 9 12 0 9
17 7 8 14 9 6 14 9 0
0 11 26 21 30 23
11 0 18 10 19 15
26 18 0 12 19 7
21 10 12 0 21 6
30 19 19 21 0 23
23 15 7 6 23 0
