5 8 250 61 39
70 33 33 14 28 22 20 44
88 26 39 13 54 39 38 54
177 61 87 51 91 59 70 105
81 27 45 21 46 32 26 50
160 58 77 41 74 46 73 88
41 47 116 54 87
0 10 4 5 3
10 0 9 17 15
4 9 0 14 7
5 17 14 0 4
3 15 7 4 0
0 9 26 19 19 23 25 12
9 0 24 20 20 22 23 10
26 24 0 33 33 13 9 22
19 20 33 0 9 33 33 20
19 20 33 9 0 33 32 21
23 22 13 33 33 0 12 21
25 23 9 33 32 12 0 21
12 10 22 20 21 21 21 0
