9 9 250 2 98
1 31 18 11 16 12 15 9 25
4 25 5 8 6 12 9 12 17
7 44 29 21 13 27 28 18 35
11 86 36 36 28 33 34 30 55
2 27 11 7 10 9 6 12 13
5 30 9 8 16 14 9 19 22
4 37 15 15 22 17 25 19 21
5 67 22 24 16 24 30 21 31
1 61 21 21 19 22 29 18 44
26 21 40 63 21 25 39 44 45
0 9 10 15 19 13 12 15 12
9 0 3 12 15 11 11 14 7
10 3 0 7 15 9 7 11 5
15 12 7 0 15 7 3 6 4
19 15 15 15 0 6 15 11 9
13 11 9 7 6 0 6 3 2
12 11 7 3 15 6 0 4 4
15 14 11 6 11 3 4 0 5
12 7 5 4 9 2 4 5 0
0 9 9 14 17 13 13 13 9
9 0 9 14 16 14 13 14 9
9 9 0 14 16 14 13 14 9
14 14 14 0 18 9 15 9 14
17 16 16 18 0 17 18 18 16
13 14 14 9 17 0 15 9 13
13 13 13 15 18 15 0 15 13
13 14 14 9 18 9 15 0 13
9 9 9 14 16 13 13 13 0
