8 8 250 19 81
8 12 5 19 24 25 26 12
9 14 5 24 33 25 26 22
15 35 17 55 69 48 41 34
14 28 13 40 49 40 28 25
14 16 7 25 31 21 16 21
17 25 14 54 60 40 34 33
33 46 21 75 92 57 40 44
9 8 3 15 20 13 15 7
28 33 67 45 33 56 73 19
0 10 10 6 10 11 5 11
10 0 5 10 5 6 11 5
10 5 0 9 5 6 10 6
6 10 9 0 9 10 6 10
10 5 5 9 0 6 10 5
11 6 6 10 6 0 11 6
5 11 10 6 10 11 0 11
11 5 6 10 5 6 11 0
0 22 22 10 9 28 22 23
22 0 10 21 23 30 10 21
22 10 0 20 23 32 9 20
10 21 20 0 10 30 21 23
9 23 23 10 0 30 24 25
28 30 32 30 30 0 31 26
22 10 9 21 24 31 0 19
23 21 20 23 25 26 19 0
