10 6 250 11 89
33 28 40 49 22 16
24 57 66 85 37 13
63 98 97 160 58 38
27 53 34 65 21 12
18 23 23 26 11 7
37 38 37 57 27 10
22 33 22 29 15 7
12 19 23 35 13 9
29 63 62 81 21 18
31 58 35 91 32 15
29 39 74 32 15 30 18 17 42 39
0 12 14 17 16 16 15 13 16 14
12 0 14 17 17 17 17 4 17 13
14 14 0 10 10 10 9 14 9 14
17 17 10 0 4 4 5 18 4 13
16 17 10 4 0 4 4 17 4 12
16 17 10 4 4 0 4 18 4 13
15 17 9 5 4 4 0 17 4 13
13 4 14 18 17 18 17 0 17 12
16 17 9 4 4 4 4 17 0 12
14 13 14 13 12 13 13 12 12 0
0 10 11 22 17 17
10 0 10 22 17 17
11 10 0 22 17 17
22 22 22 0 16 16
17 17 17 16 0 10
17 17 17 16 10 0
