7 6 250 6 94
28 20 9 17 15 29
55 37 35 33 16 43
136 66 80 68 39 117
52 45 31 19 23 44
42 34 37 19 14 53
72 47 50 34 33 68
50 43 31 24 15 49
25 39 87 44 35 65 38
0 13 3 7 3 3 13
13 0 13 11 13 13 3
3 13 0 7 2 3 14
7 11 7 0 7 7 12
3 13 2 7 0 3 14
3 13 3 7 3 0 13
13 3 14 12 14 13 0
0 14 9 20 9 20
14 0 13 16 16 14
9 13 0 20 11 19
20 16 20 0 22 10
9 16 11 22 0 21
20 14 19 10 21 0
