4 10 250 69 31
58 29 20 19 30 19 82 23 43 16
117 62 48 79 59 74 194 86 123 49
142 80 50 93 54 68 186 75 102 40
127 60 51 65 61 59 155 71 88 43
41 106 114 92
0 6 5 18
6 0 6 18
5 6 0 16
18 18 16 0
0 11 11 14 16 14 11 16 9 16
11 0 8 17 15 17 8 15 12 15
11 8 0 17 15 17 8 15 11 15
14 17 17 0 22 7 17 22 14 22
16 15 15 22 0 22 15 8 16 7
14 17 17 7 22 0 18 22 14 22
11 8 8 17 15 18 0 15 12 15
16 15 15 22 8 22 15 0 15 8
9 12 11 14 16 14 12 15 0 16
16 15 15 22 7 22 15 8 16 0
