10 4 250 14 86
14 11 8 8
31 33 21 12
71 88 50 31
75 135 87 68
51 63 45 22
85 92 59 41
31 34 23 29
21 43 40 20
55 99 49 22
46 77 49 38
9 17 45 72 35 55 21 22 45 41
0 10 13 3 17 16 15 15 13 11
10 0 6 11 11 6 6 9 5 4
13 6 0 13 10 7 6 8 9 3
3 11 13 0 19 16 15 16 13 11
17 11 10 19 0 13 13 3 14 11
16 6 7 16 13 0 2 12 4 6
15 6 6 15 13 2 0 12 5 5
15 9 8 16 3 12 12 0 13 9
13 5 9 13 14 4 5 13 0 6
11 4 3 11 11 6 5 9 6 0
0 7 19 20
7 0 20 20
19 20 0 9
20 20 9 0
