8 7 250 56 44
68 35 36 79 79 54 31
69 42 26 59 94 53 41
187 92 53 167 198 126 86
116 60 45 88 113 76 44
91 45 31 93 81 53 31
82 44 38 74 86 44 47
173 88 48 162 161 95 93
175 82 47 143 180 124 71
30 26 60 44 32 28 65 59
0 4 14 3 15 9 14 14
4 0 14 4 15 10 14 14
14 14 0 14 5 17 5 5
3 4 14 0 15 10 14 14
15 15 5 15 0 17 4 5
9 10 17 10 17 0 17 17
14 14 5 14 4 17 0 4
14 14 5 14 5 17 4 0
0 15 16 7 6 15 20
15 0 6 15 16 6 16
16 6 0 15 16 7 15
7 15 15 0 6 15 18
6 16 16 6 0 16 19
15 6 7 15 16 0 17
20 16 15 18 19 17 0
