4 10 250 73 27
31 22 37 69 51 31 20 39 22 58
105 92 92 241 196 115 74 115 69 183
89 73 87 240 167 115 63 109 54 166
54 41 65 133 130 68 35 71 44 104
34 126 99 64
0 14 14 5
14 0 5 13
14 5 0 13
5 13 13 0
0 6 15 14 20 14 9 13 14 13
6 0 15 14 20 14 9 13 14 13
15 15 0 20 16 7 12 19 13 18
14 14 20 0 20 20 16 15 18 16
20 20 16 20 0 16 19 21 17 21
14 14 7 20 16 0 11 18 13 18
9 9 12 16 19 11 0 14 12 14
13 13 19 15 21 18 14 0 13 7
14 14 13 18 17 13 12 13 0 13
13 13 18 16 21 18 14 7 13 0
