10 10 250 5 95
37 18 28 29 8 21 17 29 33 30
44 11 24 35 8 17 17 25 25 35
82 46 43 46 14 43 35 38 65 53
59 33 33 59 15 32 24 39 42 48
39 12 19 20 5 18 9 22 21 26
59 33 38 41 8 27 26 41 44 49
37 23 12 28 11 15 16 15 29 22
101 45 54 81 25 35 29 43 80 76
58 50 40 61 20 38 22 34 54 55
44 21 24 36 12 25 26 33 40 38
24 23 43 40 18 40 21 62 45 30
0 11 15 6 15 13 14 14 12 5
11 0 10 11 10 6 8 9 5 12
15 10 0 15 6 10 9 9 10 15
6 11 15 0 15 12 14 14 11 6
15 10 6 15 0 9 9 8 10 16
13 6 10 12 9 0 8 8 6 13
14 8 9 14 9 8 0 5 8 15
14 9 9 14 8 8 5 0 8 15
12 5 10 11 10 6 8 8 0 12
5 12 15 6 16 13 15 15 12 0
0 16 9 16 13 17 18 15 13 10
16 0 13 12 14 19 11 12 12 12
9 13 0 13 10 15 16 12 10 7
16 12 13 0 13 17 10 12 11 13
13 14 10 13 0 11 15 9 8 10
17 19 15 17 11 0 18 12 13 15
18 11 16 10 15 18 0 13 13 15
15 12 12 12 9 12 13 0 8 11
13 12 10 11 8 13 13 8 0 10
10 12 7 13 10 15 15 11 10 0
