9 10 250 18 82
7 32 20 14 30 29 44 24 14 32
39 92 38 31 55 77 122 51 45 92
24 80 33 21 34 39 75 46 20 62
13 44 27 13 25 37 49 28 25 39
4 13 6 5 4 10 14 9 9 15
12 39 15 16 32 27 56 29 29 40
34 68 46 26 61 59 134 62 40 70
26 44 22 21 32 49 62 32 33 45
53 123 49 38 92 89 146 69 36 127
23 54 42 27 9 27 56 35 67
0 6 13 13 2 10 2 18 12
6 0 15 12 6 13 6 19 11
13 15 0 10 12 5 12 8 10
13 12 10 0 12 11 12 9 2
2 6 12 12 0 9 2 17 11
10 13 5 11 9 0 9 11 11
2 6 12 12 2 9 0 17 12
18 19 8 9 17 11 17 0 10
12 11 10 2 11 11 12 10 0
0 22 30 19 24 22 24 10 8 20
22 0 20 20 26 15 21 21 23 20
30 20 0 20 26 16 27 30 30 19
19 20 20 0 22 15 24 21 19 9
24 26 26 22 0 20 35 24 23 22
22 15 16 15 20 0 24 22 22 14
24 21 27 24 35 24 0 25 25 23
10 21 30 21 24 22 25 0 10 22
8 23 30 19 23 22 25 10 0 20
20 20 19 9 22 14 23 22 20 0
