10 8 250 10 90
19 13 29 23 9 33 8 52
38 7 38 59 21 62 29 77
31 16 36 35 15 64 22 65
33 18 36 24 7 42 18 58
22 18 24 36 16 45 21 79
44 12 55 64 33 74 27 88
9 7 17 17 9 31 10 28
18 6 15 23 3 40 18 41
22 2 18 23 8 31 15 35
19 6 27 27 7 37 15 40
30 47 45 34 40 62 17 22 25 29
0 16 13 5 6 15 17 16 16 13
16 0 8 16 15 5 5 5 5 8
13 8 0 12 12 7 9 8 7 5
5 16 12 0 5 15 17 16 15 13
6 15 12 5 0 14 16 15 15 12
15 5 7 15 14 0 6 5 5 8
17 5 9 17 16 6 0 5 6 9
16 5 8 16 15 5 5 0 5 8
16 5 7 15 15 5 6 5 0 8
13 8 5 13 12 8 9 8 8 0
0 25 25 23 19 17 15 25
25 0 29 10 18 18 21 12
25 29 0 26 29 18 31 34
23 10 26 0 18 15 21 15
19 18 29 18 0 18 13 20
17 18 18 15 18 0 20 22
15 21 31 21 13 20 0 20
25 12 34 15 20 22 20 0
