6 9 250 72 28
23 34 16 15 16 57 23 30 9
51 83 54 43 55 143 75 83 36
80 101 65 39 61 179 86 89 27
47 93 64 43 75 162 104 93 34
64 105 61 55 91 175 79 121 28
53 75 42 35 50 125 77 75 21
22 53 69 70 68 54
0 10 16 17 19 3
10 0 7 12 9 7
16 7 0 4 4 16
17 12 4 0 12 19
19 9 4 12 0 16
3 7 16 19 16 0
0 24 24 9 23 24 26 20 26
24 0 27 25 8 8 27 24 28
24 27 0 24 26 27 9 15 9
9 25 24 0 25 25 26 20 26
23 8 26 25 0 9 26 23 27
24 8 27 25 9 0 28 25 29
26 27 9 26 26 28 0 17 8
20 24 15 20 23 25 17 0 16
26 28 9 26 27 29 8 16 0
