6 6 250 17 83
145 31 32 38 60 70
168 28 35 22 55 56
529 82 124 111 251 194
212 41 58 32 98 91
349 73 85 50 126 137
492 64 120 91 231 161
29 26 106 36 60 95
0 9 9 14 12 15
9 0 12 7 6 9
9 12 0 15 14 16
14 7 15 0 5 5
12 6 14 5 0 4
15 9 16 5 4 0
0 10 10 10 19 20
10 0 11 11 19 20
10 11 0 10 18 20
10 11 10 0 18 20
19 19 18 18 0 13
20 20 20 20 13 0
