8 4 250 53 47
18 87 23 42
43 177 69 101
40 181 65 115
27 97 50 63
49 122 66 82
23 64 25 52
14 116 49 57
47 186 69 95
23 52 63 34 49 26 34 61
0 19 14 19 13 11 13 13
19 0 12 4 12 15 15 12
14 12 0 11 5 9 10 4
19 4 11 0 12 15 15 12
13 12 5 12 0 8 9 5
11 15 9 15 8 0 5 9
13 15 10 15 9 5 0 10
13 12 4 12 5 9 10 0
0 39 8 9
39 0 38 38
8 38 0 8
9 38 8 0
