8 4 250 5 95
29 65 48 27
37 97 76 48
34 155 107 85
50 114 91 60
59 141 108 66
25 58 49 41
58 164 103 72
16 72 37 26
25 37 55 50 60 29 56 24
0 12 9 15 10 16 11 15
12 0 11 10 14 8 8 10
9 11 0 13 12 13 12 13
15 10 13 0 12 9 13 5
10 14 12 12 0 16 14 12
16 8 13 9 16 0 12 10
11 8 12 13 14 12 0 12
15 10 13 5 12 10 12 0
0 10 17 17
10 0 17 17
17 17 0 25
17 17 25 0
