6 7 250 5 95
50 49 178 40 93 171 63
33 35 92 19 63 84 36
102 177 368 91 203 345 111
97 113 282 73 184 263 131
19 20 55 12 26 67 35
42 73 178 24 95 150 59
44 30 119 85 17 52
0 5 7 8 6 9
5 0 9 10 8 11
7 9 0 7 5 7
8 10 7 0 6 4
6 8 5 6 0 7
9 11 7 4 7 0
0 15 7 7 18 16 6
15 0 15 15 20 7 15
7 15 0 6 18 15 6
7 15 6 0 17 16 6
18 20 18 17 0 20 18
16 7 15 16 20 0 16
6 15 6 6 18 16 0
