10 8 250 9 91
6 6 5 2 10 2 1 3
9 19 4 4 9 9 2 2
20 13 12 5 30 11 10 7
18 13 9 10 20 8 3 8
49 52 33 11 69 26 24 15
20 15 13 7 31 10 6 4
45 30 27 15 41 18 13 13
11 12 7 5 19 13 7 4
23 13 10 5 27 11 4 10
12 3 2 5 14 4 4 2
11 20 37 30 77 32 58 24 30 16
0 13 4 7 7 7 8 8 7 12
13 0 10 10 9 9 11 11 10 2
4 10 0 7 6 6 7 8 6 10
7 10 7 0 2 2 2 3 2 9
7 9 6 2 0 2 3 3 2 9
7 9 6 2 2 0 3 4 2 8
8 11 7 2 3 3 0 2 3 10
8 11 8 3 3 4 2 0 3 11
7 10 6 2 2 2 3 3 0 9
12 2 10 9 9 8 10 11 9 0
0 8 11 11 11 12 11 13
8 0 11 11 11 12 11 13
11 11 0 12 13 11 8 12
11 11 12 0 8 15 13 16
11 11 13 8 0 16 13 16
12 12 11 15 16 0 11 8
11 11 8 13 13 11 0 12
13 13 12 16 16 8 12 0
