6 6 250 25 75
65 119 61 34 79 49
101 166 98 66 140 79
210 349 180 105 263 136
106 164 78 68 133 68
106 210 100 59 164 89
39 64 29 24 56 25
38 59 115 54 71 20
0 3 14 4 3 14
3 0 13 4 3 13
14 13 0 14 14 2
4 4 14 0 3 15
3 3 14 3 0 14
14 13 2 15 14 0
0 15 10 10 10 18
15 0 14 14 15 16
10 14 0 10 11 18
10 14 10 0 10 18
10 15 11 10 0 19
18 16 18 18 19 0
