5 9 250 24 76
77 29 32 34 27 90 27 30 38
113 57 52 56 41 167 49 34 51
160 89 81 94 63 242 53 53 61
125 55 58 51 58 162 35 47 46
187 88 83 86 74 239 53 67 91
39 60 84 64 104
0 7 12 9 12
7 0 13 11 13
12 13 0 8 5
9 11 8 0 8
12 13 5 8 0
0 8 7 24 8 25 8 24 24
8 0 8 25 8 25 9 25 24
7 8 0 24 8 25 9 25 24
24 25 24 0 25 9 23 9 8
8 8 8 25 0 26 9 25 25
25 25 25 9 26 0 24 8 8
8 9 9 23 9 24 0 23 23
24 25 25 9 25 8 23 0 8
24 24 24 8 25 8 23 8 0
