4 10 250 7 93
50 121 85 43 92 51 24 75 106 56
63 165 98 52 102 65 37 106 123 66
83 265 152 71 170 90 45 176 243 103
114 408 229 117 241 140 60 253 284 142
47 62 91 147
0 13 4 4
13 0 12 13
4 12 0 5
4 13 5 0
0 17 19 14 12 13 8 17 11 13
17 0 16 11 16 16 17 21 14 15
19 16 0 16 19 19 19 24 19 21
14 11 16 0 13 13 15 18 12 14
12 16 19 13 0 9 12 14 11 13
13 16 19 13 9 0 13 13 11 13
8 17 19 15 12 13 0 17 11 12
17 21 24 18 14 13 17 0 17 17
11 14 19 12 11 11 11 17 0 10
13 15 21 14 13 13 12 17 10 0
