8 9 250 19 81
63 64 42 56 58 21 54 23 19
122 97 54 100 96 31 91 35 31
201 158 77 161 163 76 165 58 46
80 68 37 68 59 21 65 25 19
32 25 24 33 33 11 23 8 10
42 47 26 43 41 22 45 11 13
41 34 26 43 40 22 34 17 16
183 147 71 131 124 80 110 46 35
30 50 89 38 17 24 22 80
0 6 13 4 9 4 10 13
6 0 14 7 8 6 10 15
13 14 0 13 14 13 9 4
4 7 13 0 10 4 10 13
9 8 14 10 0 10 8 14
4 6 13 4 10 0 10 14
10 10 9 10 8 10 0 10
13 15 4 13 14 14 10 0
0 38 33 31 9 9 31 11 9
38 0 36 35 37 38 15 39 38
33 36 0 10 32 32 34 33 33
31 35 10 0 30 30 33 31 31
9 37 32 30 0 10 31 11 10
9 38 32 30 10 0 32 11 9
31 15 34 33 31 32 0 33 32
11 39 33 31 11 11 33 0 11
9 38 33 31 10 9 32 11 0
