5 9 250 1 99
18 17 24 26 16 33 9 14 18
34 37 33 43 50 55 23 25 28
44 51 72 78 58 84 25 44 34
22 21 38 45 33 46 16 22 17
13 24 25 30 20 38 9 16 10
38 75 118 61 41
0 13 6 17 14
13 0 16 12 5
6 16 0 19 16
17 12 19 0 12
14 5 16 12 0
0 8 20 24 16 17 11 11 25
8 0 20 17 16 21 12 10 25
20 20 0 31 33 37 28 23 38
24 17 31 0 26 30 24 18 24
16 16 33 26 0 14 6 21 30
17 21 37 30 14 0 17 20 22
11 12 28 24 6 17 0 18 30
11 10 23 18 21 20 18 0 16
25 25 38 24 30 22 30 16 0
