9 6 250 24 76
21 14 51 6 17 23
48 40 93 15 15 60
127 83 203 35 47 156
48 36 101 12 21 70
66 32 114 15 28 70
24 29 52 10 9 33
44 24 81 13 14 68
107 85 228 42 45 159
34 20 87 7 13 54
16 28 82 30 41 20 27 71 22
0 8 8 9 5 6 8 9 7
8 0 5 7 8 8 5 11 9
8 5 0 7 8 8 5 12 9
9 7 7 0 10 9 8 11 10
5 8 8 10 0 5 8 9 7
6 8 8 9 5 0 9 8 6
8 5 5 8 8 9 0 12 9
9 11 12 11 9 8 12 0 10
7 9 9 10 7 6 9 10 0
0 17 13 7 13 12
17 0 19 17 14 18
13 19 0 13 12 8
7 17 13 0 13 12
13 14 12 13 0 12
12 18 8 12 12 0
