7 10 250 9 91
41 99 10 19 26 29 21 30 27 66
49 138 28 34 59 43 23 54 42 90
180 412 47 78 148 158 81 129 120 229
46 104 17 27 33 31 20 29 39 48
25 69 9 16 31 13 7 31 16 47
42 126 18 22 48 41 30 32 46 70
118 296 50 57 117 112 59 90 94 168
28 40 117 31 20 35 74
0 2 12 7 5 13 11
2 0 12 8 7 12 11
12 12 0 8 16 10 12
7 8 8 0 8 12 13
5 7 16 8 0 15 17
13 12 10 12 15 0 19
11 11 12 13 17 19 0
0 10 31 10 32 10 32 32 9 10
10 0 30 11 32 9 31 31 11 11
31 30 0 30 20 30 10 10 31 30
10 11 30 0 31 10 30 31 10 9
32 32 20 31 0 32 22 22 32 31
10 9 30 10 32 0 31 31 10 10
32 31 10 30 22 31 0 8 32 30
32 31 10 31 22 31 8 0 32 31
9 11 31 10 32 10 32 32 0 10
10 11 30 9 31 10 30 31 10 0
