6 9 250 4 96
33 38 94 47 43 30 51 37 37
62 89 179 95 71 62 123 64 90
63 90 187 113 75 75 99 77 95
19 39 88 47 23 33 61 39 48
36 33 86 49 28 37 66 38 47
45 68 145 73 46 53 71 57 70
40 72 75 41 37 58
0 10 6 9 13 14
10 0 11 5 18 19
6 11 0 10 13 13
9 5 10 0 18 18
13 18 13 18 0 5
14 19 13 18 5 0
0 23 23 24 22 18 19 22 37
23 0 11 16 9 16 17 8 31
23 11 0 13 9 17 15 9 35
24 16 13 0 14 21 16 14 38
22 9 9 14 0 15 15 8 33
18 16 17 21 15 0 14 16 35
19 17 15 16 15 14 0 16 40
22 8 9 14 8 16 16 0 32
37 31 35 38 33 35 40 32 0
