4 7 250 12 88
160 64 17 165 54 99 136
142 59 17 150 47 89 106
286 133 46 307 108 190 241
176 73 25 191 53 110 141
73 57 126 86
0 9 5 12
9 0 5 10
5 5 0 4
12 10 4 0
0 19 16 16 18 22 18
19 0 17 14 28 32 9
16 17 0 9 22 24 14
16 14 9 0 23 26 11
18 28 22 23 0 10 28
22 32 24 26 10 0 31
18 9 14 11 28 31 0
