8 8 250 7 93
50 56 12 73 50 82 75 58
36 40 10 60 32 44 33 34
53 61 26 89 55 117 77 83
48 55 17 65 45 92 72 50
66 72 23 72 74 97 86 62
43 61 15 76 57 60 61 57
67 86 29 99 70 109 73 77
26 30 8 34 22 39 37 38
41 31 49 39 57 37 63 23
0 12 11 14 12 6 15 11
12 0 6 14 5 12 15 6
11 6 0 14 6 12 16 6
14 14 14 0 14 15 7 14
12 5 6 14 0 13 15 6
6 12 12 15 13 0 15 12
15 15 16 7 15 15 0 15
11 6 6 14 6 12 15 0
0 36 37 34 27 27 26 9
36 0 11 23 22 25 24 37
37 11 0 25 24 26 25 38
34 23 25 0 19 20 21 34
27 22 24 19 0 11 11 28
27 25 26 20 11 0 10 28
26 24 25 21 11 10 0 27
9 37 38 34 28 28 27 0
