8 5 250 15 85
76 66 123 118 45
93 81 98 118 49
121 92 156 177 75
102 72 134 140 40
100 85 160 173 67
19 8 29 29 6
222 179 290 309 117
67 60 92 100 32
37 37 56 38 53 7 87 32
0 10 9 9 3 10 9 10
10 0 14 14 11 14 12 15
9 14 0 3 9 3 16 3
9 14 3 0 9 3 16 3
3 11 9 9 0 9 9 10
10 14 3 3 9 0 16 3
9 12 16 16 9 16 0 16
10 15 3 3 10 3 16 0
0 9 18 17 26
9 0 16 15 24
18 16 0 9 16
17 15 9 0 16
26 24 16 16 0
