5 6 250 14 86
17 62 15 12 50 20
56 322 74 33 190 72
25 98 27 16 77 30
47 245 52 29 161 63
37 241 68 28 153 65
25 101 42 94 87
0 7 17 11 3
7 0 8 6 9
17 8 0 7 17
11 6 7 0 7
3 9 17 7 0
0 17 16 11 14 14
17 0 12 15 9 11
16 12 0 12 12 13
11 15 12 0 13 13
14 9 12 13 0 10
14 11 13 13 10 0
