6 9 250 13 87
18 27 17 22 23 42 22 74 18
31 68 77 51 64 60 48 129 46
64 86 103 76 106 113 93 178 72
29 53 55 32 42 38 51 84 32
17 37 45 27 35 46 21 75 35
15 22 23 15 18 21 11 27 12
33 80 108 57 40 20
0 15 6 16 6 6
15 0 16 5 16 16
6 16 0 16 6 5
16 5 16 0 16 16
6 16 6 16 0 5
6 16 5 16 5 0
0 36 20 36 17 35 35 17 21
36 0 30 8 37 10 9 36 29
20 30 0 30 22 29 29 22 10
36 8 30 0 37 10 9 36 29
17 37 22 37 0 36 36 9 24
35 10 29 10 36 0 8 36 29
35 9 29 9 36 8 0 36 29
17 36 22 36 9 36 36 0 25
21 29 10 29 24 29 29 25 0
