8 10 250 6 94
23 18 37 15 20 38 11 5 11 20
19 19 36 22 21 47 10 5 12 27
50 44 67 48 58 91 18 17 34 62
27 27 61 35 31 63 19 8 24 61
16 21 40 21 32 41 12 5 27 35
32 36 64 31 42 71 18 11 26 62
33 26 58 31 28 61 21 4 22 53
67 65 132 83 91 150 32 23 93 111
22 25 51 36 26 44 41 94
0 12 13 8 12 12 13 13
12 0 10 9 5 5 10 9
13 10 0 10 11 10 5 5
8 9 10 0 9 9 11 10
12 5 11 9 0 4 11 10
12 5 10 9 4 0 10 10
13 10 5 11 11 10 0 5
13 9 5 10 10 10 5 0
0 37 12 10 11 12 12 37 13 37
37 0 37 36 36 38 39 12 38 10
12 37 0 12 12 11 12 36 13 36
10 36 12 0 10 13 12 36 13 36
11 36 12 10 0 13 12 35 14 35
12 38 11 13 13 0 12 37 13 38
12 39 12 12 12 12 0 38 14 38
37 12 36 36 35 37 38 0 38 12
13 38 13 13 14 13 14 38 0 38
37 10 36 36 35 38 38 12 38 0
