4 7 250 15 85
83 20 166 42 37 71 48
110 19 184 36 40 100 49
220 58 367 89 81 187 133
163 40 270 76 67 131 84
59 68 129 95
0 20 18 19
20 0 2 2
18 2 0 3
19 2 3 0
0 18 28 21 17 28 36
18 0 28 15 25 27 32
28 28 0 22 36 24 25
21 15 22 0 22 15 19
17 25 36 22 0 25 33
28 27 24 15 25 0 9
36 32 25 19 33 9 0
