8 6 250 8 92
16 9 13 6 11 26
21 14 20 18 12 24
44 33 35 20 25 45
46 40 45 36 34 72
19 14 16 10 8 23
26 20 21 18 15 30
43 17 36 29 26 62
24 14 13 11 15 25
22 30 63 82 24 34 64 32
0 7 4 11 16 12 8 14
7 0 6 5 10 5 8 11
4 6 0 11 14 9 5 12
11 5 11 0 9 7 12 12
16 10 14 9 0 9 12 8
12 5 9 7 9 0 8 12
8 8 5 12 12 8 0 11
14 11 12 12 8 12 11 0
0 36 20 10 37 9
36 0 35 37 9 35
20 35 0 18 37 18
10 37 18 0 38 9
37 9 37 38 0 36
9 35 18 9 36 0
