6 5 250 4 96
25 109 29 108 132
24 85 19 100 104
32 142 50 195 214
10 51 19 66 85
49 194 57 225 243
80 387 110 465 497
32 28 51 19 61 142
0 17 18 2 17 17
17 0 3 17 2 2
18 3 0 19 2 3
2 17 19 0 18 17
17 2 2 18 0 2
17 2 3 17 2 0
0 20 34 20 34
20 0 21 9 21
34 21 0 21 9
20 9 21 0 22
34 21 9 22 0
