5 6 250 23 77
27 46 39 69 39 56
40 72 47 90 56 99
37 72 66 123 49 89
41 48 24 78 36 58
19 39 25 44 15 31
61 78 92 66 42
0 11 14 6 11
11 0 17 12 2
14 17 0 9 17
6 12 9 0 11
11 2 17 11 0
0 35 28 8 30 37
35 0 24 34 23 26
28 24 0 28 9 16
8 34 28 0 30 37
30 23 9 30 0 14
37 26 16 37 14 0
