4 7 250 15 85
29 38 36 62 45 29 17
190 202 212 313 209 130 64
102 130 141 180 139 75 53
66 75 65 105 64 56 17
28 150 101 59
0 3 18 10
3 0 16 8
18 16 0 14
10 8 14 0
0 27 26 25 25 27 31
27 0 10 17 16 11 24
26 10 0 18 17 10 23
25 17 18 0 10 18 31
25 16 17 10 0 17 30
27 11 10 18 17 0 22
31 24 23 31 30 22 0
