10 5 250 9 91
42 63 57 55 26
68 74 63 43 21
104 126 137 118 38
52 60 79 45 23
69 116 106 85 34
66 99 88 66 36
100 129 132 98 43
83 97 130 75 35
69 86 88 74 31
172 200 187 152 65
20 22 42 22 36 28 42 35 28 68
0 4 10 11 14 2 12 10 11 2
4 0 8 10 14 4 10 9 9 4
10 8 0 7 13 10 5 6 3 10
11 10 7 0 10 11 6 3 7 12
14 14 13 10 0 14 12 9 13 14
2 4 10 11 14 0 12 10 11 3
12 10 5 6 12 12 0 6 4 12
10 9 6 3 9 10 6 0 7 10
11 9 3 7 13 11 4 7 0 11
2 4 10 12 14 3 12 10 11 0
0 22 21 25 25
22 0 7 19 19
21 7 0 20 19
25 19 20 0 7
25 19 19 7 0
