8 8 250 43 57
127 50 54 60 80 32 167 93
147 80 71 90 89 43 229 131
136 83 70 110 66 47 215 138
70 24 43 51 34 21 109 69
89 44 44 65 58 27 139 96
136 48 49 75 63 38 219 106
104 41 47 74 44 27 165 92
52 32 21 25 27 7 69 34
46 58 65 30 38 55 44 17
0 16 15 12 17 16 14 16
16 0 5 9 8 9 8 5
15 5 0 9 8 9 7 5
12 9 9 0 12 12 8 9
17 8 8 12 0 6 8 9
16 9 9 12 6 0 7 10
14 8 7 8 8 7 0 8
16 5 5 9 9 10 8 0
0 11 11 18 18 13 11 13
11 0 6 23 23 13 7 18
11 6 0 24 23 13 7 18
18 23 24 0 7 19 23 12
18 23 23 7 0 18 22 11
13 13 13 19 18 0 14 13
11 7 7 23 22 14 0 17
13 18 18 12 11 13 17 0
