5 6 250 22 78
24 30 107 123 27 22
85 116 298 373 88 83
43 63 237 306 54 45
44 53 156 185 49 37
49 52 194 238 41 50
36 98 71 53 66
0 17 6 18 19
17 0 17 8 8
6 17 0 17 18
18 8 17 0 5
19 8 18 5 0
0 21 13 27 31 29
21 0 14 23 32 26
13 14 0 22 25 24
27 23 22 0 21 6
31 32 25 21 0 21
29 26 24 6 21 0
