4 10 250 36 64
64 44 66 35 52 68 87 68 59 46
111 59 89 36 50 129 114 110 93 65
108 74 96 57 70 122 150 133 99 101
134 80 139 56 98 165 138 133 124 105
52 80 87 102
0 9 17 4
9 0 14 11
17 14 0 15
4 11 15 0
0 27 7 17 6 12 12 27 27 26
27 0 27 24 27 22 20 7 7 7
7 27 0 18 7 13 12 27 27 26
17 24 18 0 17 14 17 25 24 24
6 27 7 17 0 12 12 27 27 26
12 22 13 14 12 0 11 23 22 22
12 20 12 17 12 11 0 21 21 20
27 7 27 25 27 23 21 0 8 7
27 7 27 24 27 22 21 8 0 7
26 7 26 24 26 22 20 7 7 0
