8 5 250 40 60
56 50 25 36 20
54 47 26 42 26
97 82 36 54 43
54 41 20 30 19
94 108 33 54 36
83 83 37 53 36
95 88 49 60 49
140 107 56 80 64
30 27 48 25 45 48 54 65
0 7 2 9 8 8 9 13
7 0 7 7 2 12 7 15
2 7 0 10 8 8 10 14
9 7 10 0 7 11 2 15
8 2 8 7 0 13 7 15
8 12 8 11 13 0 11 11
9 7 10 2 7 11 0 14
13 15 14 15 15 11 14 0
0 15 15 15 16
15 0 10 13 14
15 10 0 13 13
15 13 13 0 10
16 14 13 10 0
