5 10 250 12 88
46 54 40 106 52 120 69 57 105 114
36 23 23 72 25 54 38 34 43 74
99 100 83 260 110 251 135 120 199 261
109 91 73 282 98 213 166 118 222 260
34 39 15 75 33 101 62 37 83 78
48 29 101 110 41
0 5 10 10 8
5 0 12 11 10
10 12 0 6 8
10 11 6 0 9
8 10 8 9 0
0 10 11 8 13 7 8 11 10 10
10 0 14 10 12 10 10 14 7 7
11 14 0 12 17 11 11 7 14 14
8 10 12 0 13 8 8 12 10 10
13 12 17 13 0 13 13 17 12 12
7 10 11 8 13 0 8 11 10 10
8 10 11 8 13 8 0 11 10 10
11 14 7 12 17 11 11 0 14 14
10 7 14 10 12 10 10 14 0 7
10 7 14 10 12 10 10 14 7 0
