5 8 250 3 97
33 8 3 40 13 52 61 23
35 11 18 75 17 55 100 36
54 27 16 89 21 89 125 52
21 12 10 31 6 47 56 19
22 2 6 34 12 30 42 20
58 92 121 51 44
0 18 11 2 18
18 0 8 18 2
11 8 0 11 8
2 18 11 0 17
18 2 8 17 0
0 9 26 19 8 31 30 32
9 0 26 19 9 32 30 33
26 26 0 21 26 17 17 29
19 19 21 0 19 24 23 30
8 9 26 19 0 31 30 32
31 32 17 24 31 0 9 23
30 30 17 23 30 9 0 21
32 33 29 30 32 23 21 0
