10 7 250 49 51
29 53 19 28 59 17 57
41 47 14 24 57 19 66
64 100 53 56 106 37 118
62 56 23 26 68 17 82
142 223 102 119 198 69 261
86 120 50 65 106 38 138
50 85 27 51 67 32 88
107 153 78 91 156 49 169
47 58 41 40 60 18 62
37 51 19 20 58 16 57
17 17 40 23 78 46 26 54 23 17
0 10 8 11 12 11 8 5 8 8
10 0 12 14 13 13 8 10 8 12
8 12 0 9 12 8 11 8 11 5
11 14 9 0 16 6 14 11 13 9
12 13 12 16 0 15 11 11 11 12
11 13 8 6 15 0 13 11 13 8
8 8 11 14 11 13 0 8 6 11
5 10 8 11 11 11 8 0 7 9
8 8 11 13 11 13 6 7 0 11
8 12 5 9 12 8 11 9 11 0
0 32 27 33 6 29 30
32 0 25 29 30 25 31
27 25 0 31 26 7 21
33 29 31 0 31 31 18
6 30 26 31 0 28 28
29 25 7 31 28 0 20
30 31 21 18 28 20 0
