8 4 250 17 83
60 89 63 156
93 139 114 270
90 127 99 205
101 130 84 249
100 126 86 206
49 63 55 97
116 197 136 284
93 180 118 260
28 55 39 41 39 22 55 47
0 13 13 12 5 14 6 17
13 0 7 7 13 6 13 10
13 7 0 6 13 7 13 9
12 7 6 0 13 7 12 10
5 13 13 13 0 14 6 17
14 6 7 7 14 0 13 10
6 13 13 12 6 13 0 16
17 10 9 10 17 10 16 0
0 27 31 7
27 0 6 27
31 6 0 29
7 27 29 0
