9 9 250 26 74
20 28 19 4 11 58 15 22 17
32 36 17 17 16 85 13 28 16
54 70 41 14 44 142 26 55 22
15 32 12 9 21 75 12 27 21
7 21 14 5 10 32 2 9 6
48 51 31 11 34 116 13 47 30
64 83 41 22 44 201 25 81 41
26 24 15 7 22 69 13 21 13
46 44 42 14 31 125 16 43 19
24 28 56 28 13 48 79 23 47
0 5 7 8 8 11 8 2 6
5 0 7 6 6 8 4 6 2
7 7 0 6 6 10 7 7 7
8 6 6 0 2 11 4 8 6
8 6 6 2 0 11 4 8 6
11 8 10 11 11 0 8 12 8
8 4 7 4 4 8 0 8 4
2 6 7 8 8 12 8 0 6
6 2 7 6 6 8 4 6 0
0 17 19 34 13 36 17 34 19
17 0 14 29 19 32 11 31 15
19 14 0 26 21 28 15 27 10
34 29 26 0 36 13 30 13 26
13 19 21 36 0 39 18 37 21
36 32 28 13 39 0 32 12 28
17 11 15 30 18 32 0 31 15
34 31 27 13 37 12 31 0 27
19 15 10 26 21 28 15 27 0
