6 8 250 31 69
7 20 10 20 1 8 4 7
28 39 25 49 11 29 12 8
40 71 26 60 12 33 13 20
42 70 19 75 15 27 25 20
68 101 31 89 22 42 31 26
20 27 10 32 5 16 6 12
21 47 66 77 102 31
0 5 11 8 3 9
5 0 7 2 4 11
11 7 0 5 10 18
8 2 5 0 6 12
3 4 10 6 0 10
9 11 18 12 10 0
0 8 31 15 36 13 20 35
8 0 32 15 36 13 21 35
31 32 0 26 38 27 21 38
15 15 26 0 34 10 15 33
36 36 38 34 0 34 30 11
13 13 27 10 34 0 16 33
20 21 21 15 30 16 0 29
35 35 38 33 11 33 29 0
