9 8 250 16 84
81 54 19 32 17 24 41 12
241 141 64 98 48 66 118 51
135 83 39 73 21 41 70 30
108 67 35 42 32 21 61 19
88 68 29 50 15 23 39 25
87 48 28 42 18 24 37 25
61 41 22 36 10 23 41 15
149 92 40 65 26 40 74 36
83 38 27 31 19 24 36 19
29 83 49 36 30 30 24 49 27
0 14 3 6 6 5 6 12 6
14 0 14 12 12 12 12 7 12
3 14 0 6 5 5 6 12 5
6 12 6 0 3 4 3 11 3
6 12 5 3 0 3 4 11 3
5 12 5 4 3 0 3 11 3
6 12 6 3 4 3 0 11 4
12 7 12 11 11 11 11 0 11
6 12 5 3 3 3 4 11 0
0 18 18 16 15 14 15 15
18 0 10 19 19 19 20 20
18 10 0 20 19 19 20 20
16 19 20 0 10 14 13 13
15 19 19 10 0 14 13 13
14 19 19 14 14 0 11 11
15 20 20 13 13 11 0 10
15 20 20 13 13 11 10 0
