5 9 250 53 47
19 36 31 50 35 46 23 33 23
28 39 27 38 27 43 36 39 26
54 106 59 146 72 146 86 118 104
38 79 46 93 38 81 49 72 65
9 31 16 38 13 20 18 22 23
47 50 123 83 32
0 10 3 3 4
10 0 11 11 11
3 11 0 3 4
3 11 3 0 4
4 11 4 4 0
0 23 12 12 6 12 11 7 23
23 0 25 26 23 24 26 23 6
12 25 0 6 13 9 7 13 25
12 26 6 0 13 9 6 13 26
6 23 13 13 0 12 12 7 22
12 24 9 9 12 0 10 14 24
11 26 7 6 12 10 0 13 26
7 23 13 13 7 14 13 0 23
23 6 25 26 22 24 26 23 0
