10 5 250 8 92
89 54 44 70 52
53 27 31 59 32
146 71 50 76 87
112 70 36 99 50
105 52 36 70 43
166 121 77 132 98
210 113 117 172 95
171 82 61 110 67
172 112 63 124 92
81 49 35 69 46
26 18 31 32 27 46 59 40 49 22
0 5 4 15 5 14 4 4 13 15
5 0 6 13 7 12 6 7 11 13
4 6 0 16 4 16 3 3 14 16
15 13 16 0 16 4 16 17 5 5
5 7 4 16 0 15 3 4 14 16
14 12 16 4 15 0 15 16 3 5
4 6 3 16 3 15 0 3 14 15
4 7 3 17 4 16 3 0 14 16
13 11 14 5 14 3 14 14 0 6
15 13 16 5 16 5 15 16 6 0
0 16 9 17 8
16 0 16 9 16
9 16 0 18 9
17 9 18 0 17
8 16 9 17 0
