5 7 250 14 86
20 24 10 36 20 29 66
26 17 16 37 17 22 83
49 44 27 53 45 42 134
50 43 19 82 25 32 126
10 11 7 21 8 7 29
53 53 99 90 25
0 13 5 6 6
13 0 14 13 13
5 14 0 5 5
6 13 5 0 4
6 13 5 4 0
0 21 10 21 21 20 10
21 0 21 10 11 13 21
10 21 0 21 21 20 11
21 10 21 0 10 12 20
21 11 21 10 0 12 20
20 13 20 12 12 0 20
10 21 11 20 20 20 0
