7 7 250 14 86
102 68 153 70 76 54 38
68 40 88 37 43 36 33
236 154 304 141 154 115 81
96 72 155 64 94 56 55
134 76 189 77 73 64 43
53 27 78 24 26 38 28
63 30 67 32 33 25 25
47 32 93 56 55 22 25
0 9 9 4 2 4 9
9 0 2 11 10 11 2
9 2 0 11 9 11 3
4 11 11 0 4 3 11
2 10 9 4 0 4 10
4 11 11 3 4 0 11
9 2 3 11 10 11 0
0 25 24 21 24 6 32
25 0 6 22 6 24 23
24 6 0 23 6 23 23
21 22 23 0 22 21 24
24 6 6 22 0 23 24
6 24 23 21 23 0 32
32 23 23 24 24 32 0
