9 5 250 32 68
23 26 22 30 143
28 22 35 57 147
33 45 39 45 207
36 39 33 50 210
25 23 23 46 138
17 25 15 27 98
26 27 31 57 202
23 19 19 39 142
36 45 38 54 224
29 36 43 51 35 25 43 32 51
0 11 17 8 4 8 12 5 8
11 0 11 8 11 7 5 10 8
17 11 0 13 16 13 11 15 13
8 8 13 0 7 5 9 7 4
4 11 16 7 0 8 11 5 7
8 7 13 5 8 0 8 7 5
12 5 11 9 11 8 0 11 9
5 10 15 7 5 7 11 0 7
8 8 13 4 7 5 9 7 0
0 12 24 18 8
12 0 28 12 12
24 28 0 31 24
18 12 31 0 12
8 12 24 12 0
