4 9 250 6 94
60 71 52 90 42 41 79 59 82
49 51 32 67 17 35 49 40 70
118 123 102 149 70 63 103 100 160
67 69 48 99 40 47 76 72 101
82 50 139 73
0 11 3 11
11 0 2 11
3 2 0 19
11 11 19 0
0 14 19 31 25 14 26 14 7
14 0 20 30 25 8 26 8 13
19 20 0 30 14 18 15 20 19
31 30 30 0 26 30 26 29 30
25 25 14 26 0 24 7 26 25
14 8 18 30 24 0 25 9 13
26 26 15 26 7 25 0 26 25
14 8 20 29 26 9 26 0 13
7 13 19 30 25 13 25 13 0
