5 10 250 17 83
21 37 21 19 17 15 19 29 19 13
17 15 21 19 11 14 14 23 15 7
68 89 48 60 47 46 57 52 48 35
35 41 24 38 19 27 41 39 35 16
40 66 46 41 23 43 61 59 40 35
46 31 102 69 86
0 10 6 16 4
10 0 7 13 9
6 7 0 11 6
16 13 11 0 16
4 9 6 16 0
0 11 33 34 11 11 9 34 11 32
11 0 33 34 12 13 11 34 10 31
33 33 0 35 31 32 33 33 31 27
34 34 35 0 31 31 34 11 33 22
11 12 31 31 0 10 11 31 11 29
11 13 32 31 10 0 11 31 12 30
9 11 33 34 11 11 0 34 11 32
34 34 33 11 31 31 34 0 33 19
11 10 31 33 11 12 11 33 0 30
32 31 27 22 29 30 32 19 30 0
