7 9 250 16 84
8 12 11 11 12 19 6 9 13
19 11 15 14 11 17 9 23 15
29 31 23 27 22 42 15 37 35
22 24 24 12 14 39 7 33 13
15 25 16 10 11 25 6 18 11
17 10 23 11 7 29 4 12 13
18 13 14 10 10 22 7 21 9
31 47 87 54 46 40 35
0 7 6 10 9 6 16
7 0 3 8 6 3 12
6 3 0 8 6 3 12
10 8 8 0 11 9 9
9 6 6 11 0 6 13
6 3 3 9 6 0 13
16 12 12 9 13 13 0
0 9 19 21 21 10 26 18 10
9 0 19 21 20 9 26 18 10
19 19 0 16 17 18 22 10 20
21 21 16 0 11 21 18 15 22
21 20 17 11 0 20 17 16 22
10 9 18 21 20 0 26 18 10
26 26 22 18 17 26 0 22 27
18 18 10 15 16 18 22 0 19
10 10 20 22 22 10 27 19 0
