5 8 250 11 89
60 112 30 48 115 63 34 42
106 243 80 156 248 136 83 89
239 438 164 299 476 235 162 169
53 114 41 74 119 53 50 50
42 89 16 41 80 36 30 42
39 73 148 37 27
0 18 18 18 12
18 0 3 2 13
18 3 0 3 13
18 2 3 0 14
12 13 13 14 0
0 14 20 16 8 20 8 14
14 0 20 15 15 20 15 14
20 20 0 27 20 8 21 21
16 15 27 0 17 27 17 15
8 15 20 17 0 20 8 15
20 20 8 27 20 0 21 21
8 15 21 17 8 21 0 14
14 14 21 15 15 21 14 0
