4 9 250 5 95
51 26 55 57 103 129 140 96 98
40 20 57 56 130 138 170 74 76
67 32 64 63 146 161 158 118 124
88 43 113 109 264 270 293 207 194
68 66 79 136
0 14 13 13
14 0 5 6
13 5 0 5
13 6 5 0
0 18 9 13 13 13 12 13 11
18 0 18 19 23 17 18 19 22
9 18 0 14 13 14 14 15 11
13 19 14 0 15 9 8 8 15
13 23 13 15 0 16 15 16 9
13 17 14 9 16 0 9 10 16
12 18 14 8 15 9 0 9 15
13 19 15 8 16 10 9 0 16
11 22 11 15 9 16 15 16 0
