6 9 250 9 91
18 20 35 41 80 54 87 32 14
19 37 25 40 117 66 112 48 14
34 65 60 89 148 110 182 69 20
31 68 56 86 190 106 204 65 17
23 49 45 47 104 80 120 53 11
26 49 50 52 150 75 169 62 14
35 41 80 75 48 59
0 17 16 17 16 4
17 0 10 4 3 17
16 10 0 11 11 16
17 4 11 0 4 18
16 3 11 4 0 17
4 17 16 18 17 0
0 18 9 10 13 18 18 25 26
18 0 18 19 18 10 20 27 27
9 18 0 10 13 17 18 26 26
10 19 10 0 14 18 18 25 26
13 18 13 14 0 17 19 25 26
18 10 17 18 17 0 19 27 27
18 20 18 18 19 19 0 17 17
25 27 26 25 25 27 17 0 10
26 27 26 26 26 27 17 10 0
