10 9 250 59 41
26 13 6 14 3 22 12 7 10
36 27 14 22 8 44 42 12 19
95 51 28 36 31 82 73 32 40
82 60 24 48 11 92 62 19 48
23 15 8 13 7 20 18 8 15
20 15 10 12 5 25 14 5 14
10 13 8 10 6 34 22 8 9
35 37 7 19 11 52 36 15 26
22 11 4 8 5 22 10 7 7
31 22 11 16 6 33 20 5 22
19 33 82 78 19 20 20 36 17 29
0 16 14 12 15 14 16 11 16 10
16 0 13 12 8 13 5 10 5 10
14 13 0 9 15 4 12 9 13 10
12 12 9 0 11 8 11 7 12 7
15 8 15 11 0 15 9 11 8 11
14 13 4 8 15 0 12 10 13 10
16 5 12 11 9 12 0 10 5 10
11 10 9 7 11 10 10 0 11 5
16 5 13 12 8 13 5 11 0 11
10 10 10 7 11 10 10 5 11 0
0 35 14 11 20 20 20 26 10
35 0 36 20 25 26 31 16 33
14 36 0 22 8 23 16 29 16
11 20 22 0 19 20 18 12 17
20 25 8 19 0 22 13 21 20
20 26 23 20 22 0 35 33 7
20 31 16 18 13 35 0 15 29
26 16 29 12 21 33 15 0 32
10 33 16 17 20 7 29 32 0
