6 6 250 19 81
16 37 13 37 102 22
4 19 11 44 62 12
28 56 29 66 140 33
10 29 14 35 75 18
45 105 39 115 295 55
32 90 28 113 195 48
36 26 58 29 109 78
0 14 13 13 16 13
14 0 5 4 11 4
13 5 0 5 10 4
13 4 5 0 10 4
16 11 10 10 0 11
13 4 4 4 11 0
0 22 27 22 23 27
22 0 29 25 7 29
27 29 0 12 29 7
22 25 12 0 25 12
23 7 29 25 0 29
27 29 7 12 29 0
