7 8 250 36 64
16 89 46 8 132 40 83 37
42 210 104 29 300 111 176 82
32 161 95 21 268 75 155 54
13 55 29 9 70 28 45 21
9 39 32 9 75 23 34 20
24 75 39 18 91 42 61 17
4 31 20 4 63 10 46 10
48 104 88 28 24 36 17
0 8 8 9 12 2 7
8 0 4 14 11 8 2
8 4 0 13 14 8 4
9 14 13 0 19 10 12
12 11 14 19 0 12 11
2 8 8 10 12 0 7
7 2 4 12 11 7 0
0 16 15 7 15 16 17 13
16 0 7 16 9 7 12 14
15 7 0 15 9 7 12 13
7 16 15 0 15 16 17 14
15 9 9 15 0 8 13 14
16 7 7 16 8 0 12 14
17 12 12 17 13 12 0 12
13 14 13 14 14 14 12 0
