9 7 250 27 73
45 50 32 62 70 56 41
16 19 9 34 30 29 15
107 163 52 163 166 159 59
91 132 59 171 167 160 55
51 76 28 79 80 68 32
21 38 13 42 49 41 21
64 103 41 94 101 72 42
65 99 42 103 125 107 45
62 78 33 106 99 107 46
30 11 63 60 30 18 39 48 38
0 12 13 13 5 5 9 9 15
12 0 6 5 13 13 11 10 9
13 6 0 5 13 13 11 10 7
13 5 5 0 13 13 11 10 8
5 13 13 13 0 5 10 10 15
5 13 13 13 5 0 9 9 15
9 11 11 11 10 9 0 5 14
9 10 10 10 10 9 5 0 13
15 9 7 8 15 15 14 13 0
0 19 10 18 18 18 12
19 0 18 12 11 13 18
10 18 0 17 17 17 11
18 12 17 0 10 10 16
18 11 17 10 0 11 17
18 13 17 10 11 0 16
12 18 11 16 17 16 0
