9 10 250 20 80
21 21 21 40 12 15 14 10 9 31
47 26 21 54 19 19 24 31 9 44
37 18 21 51 21 22 20 26 21 51
27 13 20 28 18 24 16 15 15 35
9 9 5 12 9 9 5 8 7 15
26 14 22 51 16 21 22 19 24 49
23 22 12 38 19 22 13 11 19 34
66 33 50 96 51 51 33 51 39 70
28 32 22 60 20 24 24 31 18 53
31 45 41 27 12 39 28 78 48
0 13 6 13 8 5 11 13 13
13 0 11 3 12 11 15 3 3
6 11 0 11 11 3 12 11 11
13 3 11 0 12 12 14 2 2
8 12 11 12 0 10 14 12 12
5 11 3 12 10 0 12 12 12
11 15 12 14 14 12 0 15 15
13 3 11 2 12 12 15 0 2
13 3 11 2 12 12 15 2 0
0 20 11 22 20 20 19 10 22 19
20 0 19 15 10 10 10 20 15 10
11 19 0 22 19 19 18 11 22 18
22 15 22 0 15 15 15 22 10 15
20 10 19 15 0 10 10 20 14 10
20 10 19 15 10 0 10 20 14 10
19 10 18 15 10 10 0 19 15 10
10 20 11 22 20 20 19 0 22 19
22 15 22 10 14 14 15 22 0 15
19 10 18 15 10 10 10 19 15 0
