4 10 250 3 97
23 12 49 37 34 23 17 15 42 32
78 26 58 104 67 53 66 28 80 64
61 27 70 70 66 46 50 22 76 38
287 94 288 311 261 187 263 86 349 276
27 58 51 212
0 5 10 8
5 0 12 5
10 12 0 14
8 5 14 0
0 11 35 37 9 36 36 8 18 35
11 0 35 40 14 40 39 12 22 37
35 35 0 26 35 34 27 33 32 25
37 40 26 0 34 16 19 34 27 17
9 14 35 34 0 33 34 8 15 33
36 40 34 16 33 0 20 33 24 19
36 39 27 19 34 20 0 34 26 9
8 12 33 34 8 33 34 0 16 33
18 22 32 27 15 24 26 16 0 25
35 37 25 17 33 19 9 33 25 0
