7 8 250 32 68
30 18 79 36 8 49 19 12
186 79 369 154 57 231 107 84
116 54 252 111 26 149 73 48
159 60 307 114 32 168 74 48
77 24 132 48 13 89 25 27
32 13 81 16 8 41 21 17
100 47 181 104 30 108 58 33
20 95 67 71 31 19 53
0 5 11 3 5 11 11
5 0 11 5 4 11 11
11 11 0 10 12 10 10
3 5 10 0 5 11 11
5 4 12 5 0 11 11
11 11 10 11 11 0 4
11 11 10 11 11 4 0
0 9 23 20 22 21 23 20
9 0 24 21 22 22 23 21
23 24 0 21 19 19 9 22
20 21 21 0 21 21 21 9
22 22 19 21 0 9 19 22
21 22 19 21 9 0 19 22
23 23 9 21 19 19 0 22
20 21 22 9 22 22 22 0
