7 5 250 3 97
92 106 69 34 42
126 131 80 42 58
235 304 170 99 117
252 309 190 107 133
70 91 67 34 32
96 110 90 49 42
62 90 62 47 44
30 42 80 87 27 34 27
0 11 13 10 12 10 11
11 0 10 8 9 5 10
13 10 0 11 6 9 14
10 8 11 0 10 8 8
12 9 6 10 0 9 13
10 5 9 8 9 0 10
11 10 14 8 13 10 0
0 32 17 38 25
32 0 35 8 32
17 35 0 38 17
38 8 38 0 30
25 32 17 30 0
