9 9 250 16 84
16 7 5 4 8 5 13 2 6
32 6 16 9 14 2 25 4 17
42 9 23 15 20 11 35 4 19
44 18 33 18 25 17 40 7 19
26 4 19 11 9 5 23 3 14
61 14 24 15 37 13 47 10 41
21 5 3 12 7 7 10 1 7
58 9 29 13 23 16 50 6 25
56 10 27 24 35 21 52 8 45
15 27 37 46 25 53 15 54 62
0 12 9 11 3 8 11 11 10
12 0 11 12 13 11 11 4 14
9 11 0 16 10 13 15 9 15
11 12 16 0 11 9 3 11 7
3 13 10 11 0 8 10 11 10
8 11 13 9 8 0 8 11 12
11 11 15 3 10 8 0 11 7
11 4 9 11 11 11 11 0 13
10 14 15 7 10 12 7 13 0
0 17 24 25 18 16 20 33 23
17 0 23 15 22 11 13 34 13
24 23 0 27 34 26 24 32 27
25 15 27 0 27 17 16 35 10
18 22 34 27 0 18 26 36 24
16 11 26 17 18 0 16 35 15
20 13 24 16 26 16 0 39 16
33 34 32 35 36 35 39 0 33
23 13 27 10 24 15 16 33 0
