8 4 250 16 84
13 10 63 11
30 22 71 19
36 40 86 33
39 48 107 16
32 17 67 12
30 32 75 17
40 34 83 25
38 34 74 17
28 39 57 53 32 45 48 42
0 12 5 11 5 13 12 12
12 0 13 15 13 5 15 15
5 13 0 12 5 14 13 13
11 15 12 0 12 16 5 5
5 13 5 12 0 14 13 12
13 5 14 16 14 0 15 15
12 15 13 5 13 15 0 4
12 15 13 5 12 15 4 0
0 15 16 9
15 0 16 15
16 16 0 16
9 15 16 0
