4 9 250 30 70
74 44 52 72 27 44 51 45 37
107 76 60 66 32 23 56 76 36
138 107 110 128 50 42 87 106 74
124 89 109 122 56 42 89 88 63
64 63 112 91
0 4 13 13
4 0 12 13
13 12 0 5
13 13 5 0
0 38 24 10 22 23 21 9 22
38 0 28 36 39 28 40 37 38
24 28 0 21 18 8 19 23 17
10 36 21 0 19 20 19 9 19
22 39 18 19 0 18 8 20 9
23 28 8 20 18 0 19 22 17
21 40 19 19 8 19 0 20 10
9 37 23 9 20 22 20 0 20
22 38 17 19 9 17 10 20 0
