6 9 250 8 92
49 107 144 81 13 55 32 83 55
50 137 183 93 24 64 64 126 57
47 142 186 108 25 67 58 121 58
16 41 55 26 7 19 14 29 19
26 82 76 44 17 31 25 45 25
87 219 278 197 34 96 100 228 115
54 63 61 20 32 101
0 13 6 6 3 13
13 0 10 9 12 3
6 10 0 3 5 9
6 9 3 0 5 9
3 12 5 5 0 12
13 3 9 9 12 0
0 12 12 19 13 13 6 20 13
12 0 6 22 6 7 13 23 7
12 6 0 22 6 6 13 23 7
19 22 22 0 22 22 18 7 22
13 6 6 22 0 6 13 23 6
13 7 6 22 6 0 14 23 7
6 13 13 18 13 14 0 19 14
20 23 23 7 23 23 19 0 23
13 7 7 22 6 7 14 23 0
