8 7 250 24 76
15 15 13 27 26 5 26
24 32 20 49 46 11 41
19 25 18 65 62 12 27
36 30 22 66 58 10 43
27 34 18 47 44 10 29
13 19 11 36 39 6 19
12 22 22 46 41 15 29
2 3 4 8 12 6 6
30 55 59 66 54 34 46 9
0 16 4 16 4 16 4 16
16 0 15 4 15 4 16 4
4 15 0 16 4 15 4 15
16 4 16 0 16 5 16 4
4 15 4 16 0 15 4 15
16 4 15 5 15 0 15 5
4 16 4 16 4 15 0 15
16 4 15 4 15 5 15 0
0 16 16 12 11 10 16
16 0 7 14 12 13 7
16 7 0 14 13 13 7
12 14 14 0 12 10 14
11 12 13 12 0 8 13
10 13 13 10 8 0 13
16 7 7 14 13 13 0
