10 4 250 6 94
47 44 50 64
96 135 113 127
91 118 97 164
156 205 186 257
136 167 147 219
60 95 67 111
36 47 50 69
52 44 61 65
33 39 36 57
41 61 53 68
20 44 44 80 65 30 18 22 14 21
0 16 8 17 3 16 13 7 15 16
16 0 12 2 15 10 9 12 10 2
8 12 0 12 7 10 7 2 9 12
17 2 12 0 15 11 10 12 12 2
3 15 7 15 0 15 12 6 14 14
16 10 10 11 15 0 4 11 4 11
13 9 7 10 12 4 0 8 3 10
7 12 2 12 6 11 8 0 10 12
15 10 9 12 14 4 3 10 0 11
16 2 12 2 14 11 10 12 11 0
0 9 15 9
9 0 14 7
15 14 0 16
9 7 16 0
