6 9 250 8 92
25 32 15 33 11 29 19 18 20
31 36 28 66 33 47 29 41 38
52 77 27 93 52 60 48 52 69
17 24 20 28 20 23 18 18 23
50 82 51 100 56 65 54 40 71
23 27 12 31 24 31 15 26 30
33 57 92 29 95 40
0 12 12 20 5 7
12 0 7 10 14 3
12 7 0 12 10 4
20 10 12 0 16 8
5 14 10 16 0 5
7 3 4 8 5 0
0 16 21 14 20 15 14 16 13
16 0 19 14 13 14 14 9 13
21 19 0 15 19 15 16 18 17
14 14 15 0 17 9 9 13 10
20 13 19 17 0 16 17 13 16
15 14 15 9 16 0 9 14 10
14 14 16 9 17 9 0 13 10
16 9 18 13 13 14 13 0 13
13 13 17 10 16 10 10 13 0
