5 8 250 2 98
47 40 11 48 31 17 36 23
42 48 21 40 36 11 17 20
108 130 58 102 89 30 67 81
113 103 69 82 88 32 79 78
63 43 24 29 31 13 41 15
41 41 113 102 42
0 18 17 16 6
18 0 16 16 19
17 16 0 5 18
16 16 5 0 17
6 19 18 17 0
0 15 14 18 16 20 14 9
15 0 14 14 16 18 13 14
14 14 0 13 10 13 8 13
18 14 13 0 13 14 13 17
16 16 10 13 0 12 11 15
20 18 13 14 12 0 14 19
14 13 8 13 11 14 0 13
9 14 13 17 15 19 13 0
