10 8 250 40 60
16 13 18 27 14 11 17 13
22 20 42 37 27 14 25 26
26 23 28 33 18 14 16 11
8 7 13 25 6 4 9 4
10 9 18 11 7 3 8 4
33 24 23 28 19 14 18 12
38 30 34 54 20 14 31 26
28 25 43 52 25 15 19 17
22 28 29 36 12 8 14 15
9 8 15 17 8 6 7 6
28 49 41 18 17 39 60 53 33 17
0 18 9 14 17 18 18 2 16 13
18 0 12 6 10 2 2 19 11 7
9 12 0 7 13 12 12 9 13 7
14 6 7 0 9 6 6 15 10 2
17 10 13 9 0 11 10 17 2 8
18 2 12 6 11 0 2 19 11 7
18 2 12 6 10 2 0 19 11 7
2 19 9 15 17 19 19 0 17 14
16 11 13 10 2 11 11 17 0 8
13 7 7 2 8 7 7 14 8 0
0 8 31 30 9 29 30 31
8 0 32 31 7 30 31 32
31 32 0 7 33 9 8 8
30 31 7 0 32 8 7 8
9 7 33 32 0 31 32 33
29 30 9 8 31 0 8 9
30 31 8 7 32 8 0 8
31 32 8 8 33 9 8 0
