10 9 250 37 63
22 27 22 51 22 19 11 22 41
12 24 8 36 7 18 6 14 30
55 72 36 91 25 33 16 40 93
38 52 34 87 31 34 19 58 85
12 18 17 25 5 6 9 11 29
13 36 18 47 15 9 10 27 38
40 79 35 96 28 28 27 40 99
30 54 23 56 17 16 8 22 63
53 89 69 133 43 32 22 58 142
16 36 23 47 11 11 11 18 43
24 16 46 42 15 23 45 33 63 25
0 15 13 15 9 6 17 5 10 18
15 0 6 4 12 19 14 17 12 15
13 6 0 5 9 16 15 15 9 17
15 4 5 0 13 19 15 17 12 17
9 12 9 13 0 13 17 12 3 18
6 19 16 19 13 0 17 4 13 18
17 14 15 15 17 17 0 16 17 4
5 17 15 17 12 4 16 0 12 17
10 12 9 12 3 13 17 12 0 19
18 15 17 17 18 18 4 17 19 0
0 13 36 38 12 12 36 10 37
13 0 33 35 10 11 33 12 33
36 33 0 11 33 34 11 35 10
38 35 11 0 35 36 12 37 11
12 10 33 35 0 10 34 12 34
12 11 34 36 10 0 34 11 35
36 33 11 12 34 34 0 36 10
10 12 35 37 12 11 36 0 36
37 33 10 11 34 35 10 36 0
