10 6 250 6 94
8 29 18 23 8 26
19 33 29 38 16 38
57 109 57 116 43 137
32 61 35 55 34 71
57 116 49 138 62 142
24 75 32 78 40 84
109 189 115 220 78 225
43 72 33 72 28 97
42 58 41 74 33 77
37 74 51 85 41 93
10 14 49 27 53 29 71 33 28 32
0 6 3 10 3 6 6 11 10 10
6 0 7 14 7 2 2 14 14 14
3 7 0 10 2 7 7 10 10 10
10 14 10 0 10 14 14 3 2 3
3 7 2 10 0 7 7 10 10 10
6 2 7 14 7 0 2 14 14 14
6 2 7 14 7 2 0 14 14 14
11 14 10 3 10 14 14 0 2 3
10 14 10 2 10 14 14 2 0 2
10 14 10 3 10 14 14 3 2 0
0 12 8 26 18 15
12 0 13 19 11 13
8 13 0 29 20 13
26 19 29 0 13 26
18 11 20 13 0 19
15 13 13 26 19 0
