8 8 250 22 78
9 11 8 5 13 6 17 6
36 58 47 27 76 56 96 41
24 44 48 20 53 28 60 18
22 52 32 10 49 36 68 17
20 37 29 15 44 24 51 14
10 17 9 6 17 16 26 10
55 48 39 28 64 39 68 31
36 67 54 29 71 46 112 26
13 66 42 42 37 19 60 69
0 6 6 13 13 14 3 13
6 0 3 12 12 13 7 13
6 3 0 12 13 13 6 13
13 12 12 0 3 3 13 3
13 12 13 3 0 3 14 3
14 13 13 3 3 0 14 3
3 7 6 13 14 14 0 14
13 13 13 3 3 3 14 0
0 10 23 26 18 29 11 11
10 0 22 25 17 29 11 10
23 22 0 18 16 25 21 23
26 25 18 0 18 26 24 25
18 17 16 18 0 26 16 17
29 29 25 26 26 0 29 29
11 11 21 24 16 29 0 11
11 10 23 25 17 29 11 0
