6 9 250 15 85
23 82 34 24 20 32 12 25 86
66 199 90 82 40 67 19 55 188
57 207 73 74 41 62 19 61 163
27 91 27 38 16 34 10 32 83
31 87 53 32 14 28 9 35 84
142 396 188 117 63 153 53 138 375
29 64 56 31 32 131
0 6 11 7 12 6
6 0 9 5 12 4
11 9 0 8 16 9
7 5 8 0 14 5
12 12 16 14 0 13
6 4 9 5 13 0
0 18 9 9 18 18 17 9 21
18 0 16 17 8 8 9 16 30
9 16 0 8 17 16 16 8 23
9 17 8 0 17 16 16 9 22
18 8 17 17 0 8 8 17 30
18 8 16 16 8 0 8 16 29
17 9 16 16 8 8 0 16 29
9 16 8 9 17 16 16 0 22
21 30 23 22 30 29 29 22 0
