10 10 250 17 83
10 5 2 7 8 3 12 15 19 11
22 11 13 17 14 15 30 23 38 33
19 14 8 20 14 12 28 21 33 25
14 8 7 10 6 9 7 13 17 14
11 6 7 5 10 4 17 12 21 18
13 8 7 17 10 9 20 13 19 20
4 3 3 11 2 5 11 10 15 6
9 16 6 7 5 9 14 12 20 16
23 14 7 19 9 15 32 22 42 24
6 3 2 14 6 5 6 7 19 4
24 61 50 26 29 37 18 29 49 17
0 10 11 19 6 19 5 18 11 9
10 0 11 16 10 16 9 16 12 6
11 11 0 13 11 13 11 13 6 11
19 16 13 0 18 5 18 5 13 17
6 10 11 18 0 18 5 18 10 8
19 16 13 5 18 0 18 5 13 17
5 9 11 18 5 18 0 18 11 8
18 16 13 5 18 5 18 0 13 17
11 12 6 13 10 13 11 13 0 11
9 6 11 17 8 17 8 17 11 0
0 12 15 9 15 13 13 14 18 14
12 0 17 12 18 11 12 11 19 11
15 17 0 15 14 18 16 19 16 18
9 12 15 0 15 13 13 14 18 14
15 18 14 15 0 19 18 20 19 20
13 11 18 13 19 0 11 10 19 9
13 12 16 13 18 11 0 12 18 12
14 11 19 14 20 10 12 0 19 9
18 19 16 18 19 19 18 19 0 19
14 11 18 14 20 9 12 9 19 0
