4 7 250 5 95
33 3 54 16 15 25 29
27 5 32 17 12 33 31
70 29 168 52 58 66 96
40 20 87 32 27 52 50
50 42 155 98
0 9 11 5
9 0 11 10
11 11 0 9
5 10 9 0
0 37 29 27 9 27 27
37 0 20 21 36 21 22
29 20 0 8 28 9 9
27 21 8 0 26 8 9
9 36 28 26 0 25 26
27 21 9 8 25 0 8
27 22 9 9 26 8 0
