8 5 250 17 83
43 86 94 70 52
34 53 54 55 39
70 209 206 137 129
11 53 42 28 26
38 99 118 88 87
53 143 159 100 93
81 228 235 180 164
58 148 194 129 122
29 21 66 15 39 51 83 51
0 3 17 13 17 17 3 12
3 0 18 14 17 17 3 13
17 18 0 7 2 3 17 9
13 14 7 0 7 7 13 4
17 17 2 7 0 3 17 9
17 17 3 7 3 0 17 9
3 3 17 13 17 17 0 12
12 13 9 4 9 9 12 0
0 37 36 28 6
37 0 6 28 37
36 6 0 28 36
28 28 28 0 28
6 37 36 28 0
