7 8 250 63 37
20 43 58 17 27 29 25 42
36 55 131 20 50 61 42 70
70 112 161 43 70 106 67 109
35 52 55 12 27 52 32 36
11 15 28 7 19 16 8 9
13 18 17 7 4 10 8 20
102 156 259 59 108 131 81 130
30 55 82 36 14 12 128
0 9 7 9 7 7 8
9 0 9 3 12 8 12
7 9 0 9 7 3 8
9 3 9 0 12 9 13
7 12 7 12 0 7 4
7 8 3 9 7 0 8
8 12 8 13 4 8 0
0 35 35 9 10 16 7 11
35 0 7 37 37 30 34 39
35 7 0 37 36 29 34 39
9 37 37 0 12 17 9 11
10 37 36 12 0 20 11 10
16 30 29 17 20 0 16 21
7 34 34 9 11 16 0 12
11 39 39 11 10 21 12 0
