10 4 250 5 95
18 44 17 48
26 60 26 45
54 138 79 113
22 61 30 32
45 82 50 80
25 43 23 37
31 72 43 57
25 48 28 41
12 35 22 24
22 35 23 35
26 33 79 30 49 26 42 25 18 22
0 6 5 10 16 10 9 7 10 16
6 0 6 9 15 9 9 8 9 15
5 6 0 9 16 10 9 7 10 16
10 9 9 0 12 5 9 10 6 12
16 15 16 12 0 12 14 17 12 5
10 9 10 5 12 0 9 10 5 12
9 9 9 9 14 9 0 9 9 14
7 8 7 10 17 10 9 0 10 17
10 9 10 6 12 5 9 10 0 12
16 15 16 12 5 12 14 17 12 0
0 23 25 10
23 0 11 24
25 11 0 26
10 24 26 0
