5 9 250 8 92
46 17 34 49 51 181 29 40 47
102 38 52 77 108 313 60 65 112
113 44 110 144 196 504 94 94 162
73 37 46 60 102 294 67 77 97
63 26 44 61 92 206 42 43 61
37 79 121 62 48
0 3 16 16 15
3 0 15 14 13
16 15 0 19 18
16 14 19 0 3
15 13 18 3 0
0 20 33 26 21 19 26 17 20
20 0 29 26 13 7 25 9 8
33 29 0 16 22 29 15 29 29
26 26 16 0 21 26 8 25 26
21 13 22 21 0 13 20 13 13
19 7 29 26 13 0 25 9 7
26 25 15 8 20 25 0 25 26
17 9 29 25 13 9 25 0 9
20 8 29 26 13 7 26 9 0
