10 9 250 9 91
18 38 45 95 27 18 64 21 22
32 55 69 144 41 37 73 35 37
40 71 80 186 59 33 90 41 45
45 59 60 145 38 36 95 30 29
29 51 62 131 44 31 73 28 38
41 54 60 162 35 21 70 39 26
52 60 83 174 53 36 93 34 46
17 24 19 67 26 17 23 11 13
19 23 40 81 18 17 37 22 11
24 38 43 99 38 27 52 28 15
24 40 51 44 33 34 52 16 22 28
0 8 11 12 11 9 12 9 10 13
8 0 13 14 13 10 13 10 10 11
11 13 0 5 7 8 15 9 8 13
12 14 5 0 8 9 15 10 9 13
11 13 7 8 0 10 13 10 8 11
9 10 8 9 10 0 15 5 8 13
12 13 15 15 13 15 0 16 14 14
9 10 9 10 10 5 16 0 8 13
10 10 8 9 8 8 14 8 0 10
13 11 13 13 11 13 14 13 10 0
0 21 23 16 18 21 17 9 17
21 0 12 20 20 8 21 19 20
23 12 0 20 20 12 21 21 20
16 20 20 0 9 20 9 16 8
18 20 20 9 0 21 8 18 8
21 8 12 20 21 0 21 19 20
17 21 21 9 8 21 0 18 8
9 19 21 16 18 19 18 0 17
17 20 20 8 8 20 8 17 0
