7 6 250 28 72
12 29 43 56 46 49
14 27 35 41 42 51
54 75 128 149 161 188
22 26 51 65 72 67
29 54 71 112 107 99
26 44 102 138 130 128
18 36 43 64 77 79
28 26 97 39 54 60 38
0 3 9 11 9 10 17
3 0 10 11 8 11 17
9 10 0 13 13 3 12
11 11 13 0 17 13 18
9 8 13 17 0 14 16
10 11 3 13 14 0 13
17 17 12 18 16 13 0
0 19 19 19 19 19
19 0 10 10 10 11
19 10 0 11 11 10
19 10 11 0 11 11
19 10 11 11 0 11
19 11 10 11 11 0
