10 4 250 6 94
26 8 7 7
77 29 12 25
57 19 13 31
96 34 19 53
67 25 16 43
105 41 36 48
31 5 4 13
133 56 55 65
31 8 13 28
145 47 45 73
11 32 24 45 30 48 10 68 17 70
0 4 15 3 4 2 3 16 8 9
4 0 14 4 4 4 3 15 7 8
15 14 0 16 15 15 14 3 9 9
3 4 16 0 5 3 4 16 9 9
4 4 15 5 0 4 4 16 8 9
2 4 15 3 4 0 3 16 8 9
3 3 14 4 4 3 0 15 7 8
16 15 3 16 16 16 15 0 10 9
8 7 9 9 8 8 7 10 0 4
9 8 9 9 9 9 8 9 4 0
0 21 16 23
21 0 8 6
16 8 0 11
23 6 11 0
