5 8 250 6 94
64 24 85 38 15 23 62 99
79 22 107 33 26 36 97 99
148 87 246 100 47 100 199 292
95 36 129 41 24 34 94 156
107 43 128 55 30 52 91 163
44 49 125 67 68
0 10 5 11 13
10 0 11 6 11
5 11 0 12 12
11 6 12 0 11
13 11 12 11 0
0 20 8 18 19 21 7 21
20 0 19 27 7 8 19 29
8 19 0 19 19 20 7 20
18 27 19 0 27 28 18 25
19 7 19 27 0 8 19 29
21 8 20 28 8 0 20 30
7 19 7 18 19 20 0 21
21 29 20 25 29 30 21 0
