5 8 250 15 85
44 21 39 60 34 91 13 35
100 45 121 135 76 207 23 77
156 67 127 173 108 283 25 84
75 35 73 96 48 138 20 55
72 31 71 71 37 103 24 30
33 83 99 58 50
0 16 16 16 16
16 0 3 3 3
16 3 0 3 3
16 3 3 0 3
16 3 3 3 0
0 17 16 15 11 17 12 11
17 0 20 19 17 21 17 17
16 20 0 10 13 10 13 13
15 19 10 0 12 11 12 12
11 17 13 12 0 14 10 9
17 21 10 11 14 0 14 14
12 17 13 12 10 14 0 9
11 17 13 12 9 14 9 0
