5 6 250 27 73
53 62 91 17 46 60
61 82 87 29 38 60
67 105 123 33 60 87
96 125 150 56 88 106
46 76 90 37 56 74
54 55 78 106 60
0 2 2 16 3
2 0 2 16 2
2 2 0 16 2
16 16 16 0 15
3 2 2 15 0
0 11 27 31 31 27
11 0 28 31 31 27
27 28 0 10 11 11
31 31 10 0 10 12
31 31 11 10 0 9
27 27 11 12 9 0
