9 7 250 16 84
14 2 16 17 15 10 23
37 13 38 36 25 27 34
17 4 22 25 12 16 20
14 0 5 6 4 7 16
11 1 15 12 7 9 13
16 4 21 22 22 16 22
18 5 19 26 12 13 10
22 9 36 38 29 23 39
41 8 32 56 37 33 54
27 62 30 16 19 32 30 55 79
0 6 9 7 8 9 12 6 12
6 0 8 8 9 8 11 4 11
9 8 0 9 9 4 8 8 8
7 8 9 0 4 9 10 8 10
8 9 9 4 0 9 10 9 10
9 8 4 9 9 0 8 8 8
12 11 8 10 10 8 0 12 4
6 4 8 8 9 8 12 0 12
12 11 8 10 10 8 4 12 0
0 12 10 34 37 35 10
12 0 11 32 35 34 11
10 11 0 34 37 35 10
34 32 34 0 12 10 33
37 35 37 12 0 11 36
35 34 35 10 11 0 35
10 11 10 33 36 35 0
