7 8 250 16 84
33 24 22 28 21 16 32 16
59 35 31 38 48 33 46 32
108 78 81 90 75 63 83 65
91 67 61 55 55 54 81 60
66 55 66 63 67 34 70 54
45 52 50 57 42 37 50 47
155 125 115 91 123 87 145 109
18 33 64 55 42 41 91
0 11 8 2 3 5 5
11 0 14 7 7 4 17
8 14 0 9 12 6 5
2 7 9 0 7 6 12
3 7 12 7 0 2 8
5 4 6 6 2 0 7
5 17 5 12 8 7 0
0 16 10 9 16 17 12 17
16 0 16 16 9 10 16 13
10 16 0 9 17 17 12 17
9 16 9 0 16 17 13 17
16 9 17 16 0 10 17 13
17 10 17 17 10 0 17 13
12 16 12 13 17 17 0 19
17 13 17 17 13 13 19 0
