7 8 250 20 80
35 106 74 14 73 55 123 63
45 123 84 23 92 81 165 49
59 163 125 25 152 92 176 90
86 256 188 43 188 187 301 125
13 65 33 6 34 32 57 23
15 69 54 15 58 48 83 29
40 190 114 33 118 103 186 85
35 47 67 87 17 25 62
0 5 8 8 9 15 9
5 0 8 8 9 15 9
8 8 0 5 5 12 5
8 8 5 0 5 12 5
9 9 5 5 0 11 5
15 15 12 12 11 0 11
9 9 5 5 5 11 0
0 33 9 15 14 13 32 9
33 0 34 26 27 28 9 34
9 34 0 15 14 13 33 8
15 26 15 0 11 10 26 15
14 27 14 11 0 10 27 14
13 28 13 10 10 0 27 13
32 9 33 26 27 27 0 33
9 34 8 15 14 13 33 0
