5 7 250 2 98
5 6 11 11 12 9 9
49 24 34 76 68 40 69
56 30 26 81 69 42 71
24 9 15 49 39 19 22
26 6 15 35 37 32 26
17 109 121 57 47
0 16 13 11 13
16 0 15 9 5
13 15 0 7 13
11 9 7 0 3
13 5 13 3 0
0 24 8 8 8 8 8
24 0 23 25 23 23 23
8 23 0 10 7 7 7
8 25 10 0 9 9 9
8 23 7 9 0 7 6
8 23 7 9 7 0 7
8 23 7 9 6 7 0
