5 8 250 6 94
40 8 20 18 27 21 62 18
190 49 109 88 95 144 299 120
88 32 74 48 58 58 184 66
97 36 71 56 66 89 165 66
80 24 58 42 42 68 159 76
22 120 69 73 64
0 10 2 16 19
10 0 10 5 8
2 10 0 15 16
16 5 15 0 12
19 8 16 12 0
0 23 10 10 9 24 26 12
23 0 23 23 24 10 11 23
10 23 0 10 10 23 25 11
10 23 10 0 10 23 25 11
9 24 10 10 0 24 26 11
24 10 23 23 24 0 11 23
26 11 25 25 26 11 0 25
12 23 11 11 11 23 25 0
