10 7 250 3 97
13 9 22 38 8 50 9
22 17 28 48 8 67 17
43 38 66 147 10 144 32
61 51 56 179 18 140 41
28 18 36 78 9 70 21
67 44 75 186 11 166 53
55 46 63 157 22 147 42
38 33 57 103 9 107 22
52 70 74 235 16 187 54
50 41 67 197 16 159 44
12 16 34 38 20 46 42 31 55 44
0 11 4 6 6 3 4 6 6 5
11 0 7 7 8 11 9 11 8 12
4 7 0 4 4 4 4 6 5 6
6 7 4 0 3 6 5 7 7 7
6 8 4 3 0 4 6 5 8 5
3 11 4 6 4 0 5 4 7 3
4 9 4 5 6 5 0 8 6 7
6 11 6 7 5 4 8 0 8 4
6 8 5 7 8 7 6 8 0 8
5 12 6 7 5 3 7 4 8 0
0 14 37 25 24 15 18
14 0 32 25 21 10 16
37 32 0 35 26 32 34
25 25 35 0 24 25 31
24 21 26 24 0 21 26
15 10 32 25 21 0 16
18 16 34 31 26 16 0
