4 10 250 22 78
54 46 43 40 9 32 25 21 23 27
89 82 60 65 10 59 49 40 32 56
149 143 109 102 32 94 82 81 59 103
96 79 73 52 12 56 62 47 34 44
44 71 145 72
0 6 6 14
6 0 2 10
6 2 0 10
14 10 10 0
0 15 15 8 12 8 14 15 6 6
15 0 19 16 17 15 15 6 15 15
15 19 0 15 10 15 17 18 15 14
8 16 15 0 12 6 11 15 9 9
12 17 10 12 0 12 13 16 13 12
8 15 15 6 12 0 11 15 9 8
14 15 17 11 13 11 0 14 14 14
15 6 18 15 16 15 14 0 15 15
6 15 15 9 13 9 14 15 0 6
6 15 14 9 12 8 14 15 6 0
