6 5 250 8 92
68 56 36 56 60
208 173 121 182 186
203 147 102 178 182
190 185 107 214 200
157 112 107 152 168
129 104 73 129 106
23 74 71 79 61 44
0 3 13 12 4 13
3 0 13 12 5 13
13 13 0 19 13 4
12 12 19 0 12 18
4 5 13 12 0 13
13 13 4 18 13 0
0 24 14 10 16
24 0 17 19 16
14 17 0 11 8
10 19 11 0 14
16 16 8 14 0
