8 7 250 7 93
38 44 59 16 22 21 23
26 49 51 9 26 20 11
102 173 152 60 56 69 41
98 137 159 41 75 71 33
72 88 100 32 63 36 28
105 151 190 66 71 102 51
49 59 74 25 36 31 29
68 89 105 45 53 47 34
19 18 67 64 36 68 30 39
0 2 10 10 10 8 10 8
2 0 9 9 9 8 9 8
10 9 0 2 3 12 2 13
10 9 2 0 2 12 2 13
10 9 3 2 0 12 2 13
8 8 12 12 12 0 12 3
10 9 2 2 2 12 0 13
8 8 13 13 13 3 13 0
0 26 27 30 18 26 9
26 0 9 31 19 10 27
27 9 0 31 19 9 27
30 31 31 0 30 31 30
18 19 19 30 0 19 19
26 10 9 31 19 0 27
9 27 27 30 19 27 0
