4 10 250 10 90
47 62 53 144 52 28 94 37 53 79
70 96 83 215 81 61 170 56 88 142
63 72 67 136 88 46 137 66 55 124
30 44 34 77 51 22 57 35 29 57
69 127 104 47
0 6 4 14
6 0 5 17
4 5 0 15
14 17 15 0
0 22 9 25 25 10 32 10 32 25
22 0 22 29 29 22 38 22 39 24
9 22 0 24 24 9 31 9 32 25
25 29 24 0 9 25 35 25 34 17
25 29 24 9 0 25 35 25 34 17
10 22 9 25 25 0 31 9 31 25
32 38 31 35 35 31 0 30 11 34
10 22 9 25 25 9 30 0 31 25
32 39 32 34 34 31 11 31 0 34
25 24 25 17 17 25 34 25 34 0
