10 7 250 11 89
20 28 16 17 51 17 18
34 57 31 9 82 17 26
58 80 33 32 196 36 59
23 34 15 9 65 12 23
66 110 48 27 165 41 52
102 168 59 31 215 56 103
84 135 59 43 207 42 72
64 103 45 22 170 36 34
48 65 19 17 86 26 35
55 104 31 17 153 18 47
15 22 40 16 41 57 55 36 26 35
0 12 10 9 9 11 10 9 5 6
12 0 8 8 8 6 8 8 12 11
10 8 0 5 5 7 6 5 9 9
9 8 5 0 5 7 6 5 9 9
9 8 5 5 0 7 6 5 9 9
11 6 7 7 7 0 7 7 11 10
10 8 6 6 6 7 0 6 10 9
9 8 5 5 5 7 6 0 9 9
5 12 9 9 9 11 10 9 0 6
6 11 9 9 9 10 9 9 6 0
0 23 11 23 11 24 10
23 0 22 10 23 10 22
11 22 0 22 11 23 10
23 10 22 0 23 11 22
11 23 11 23 0 24 11
24 10 23 11 24 0 23
10 22 10 22 11 23 0
