5 10 250 6 94
33 37 45 76 46 60 111 40 105 99
83 69 80 103 96 94 154 52 150 110
81 80 93 119 94 110 160 60 160 126
34 24 37 48 36 42 83 29 77 66
63 56 53 100 72 84 134 40 94 81
60 86 97 39 71
0 10 7 5 7
10 0 14 12 13
7 14 0 5 2
5 12 5 0 5
7 13 2 5 0
0 25 24 9 26 8 19 9 20 19
25 0 8 25 9 25 23 25 23 22
24 8 0 24 9 24 22 24 22 22
9 25 24 0 26 9 20 8 21 21
26 9 9 26 0 26 23 26 23 23
8 25 24 9 26 0 19 8 20 20
19 23 22 20 23 19 0 20 9 8
9 25 24 8 26 8 20 0 21 21
20 23 22 21 23 20 9 21 0 8
19 22 22 21 23 20 8 21 8 0
