5 7 250 79 21
71 61 29 62 35 32 47
155 88 54 91 69 66 67
183 151 73 138 107 89 108
79 54 35 59 41 41 33
46 33 14 25 27 18 13
45 92 118 54 28
0 4 4 13 3
4 0 3 11 4
4 3 0 12 3
13 11 12 0 13
3 4 3 13 0
0 18 24 24 26 19 26
18 0 17 17 27 10 28
24 17 0 10 25 16 27
24 17 10 0 24 17 26
26 27 25 24 0 27 14
19 10 16 17 27 0 28
26 28 27 26 14 28 0
