5 10 250 10 90
27 20 6 14 11 8 17 6 7 9
77 85 34 60 42 30 37 16 31 28
78 75 26 41 34 35 38 17 32 38
70 82 21 51 37 31 38 10 31 24
61 67 31 31 43 27 38 13 26 25
26 89 86 85 77
0 19 18 18 5
19 0 5 5 19
18 5 0 4 18
18 5 4 0 18
5 19 18 18 0
0 25 26 9 9 9 21 25 24 27
25 0 6 24 26 23 9 7 6 6
26 6 0 25 26 24 10 6 6 6
9 24 25 0 6 6 21 24 24 26
9 26 26 6 0 7 22 25 25 27
9 23 24 6 7 0 20 23 23 25
21 9 10 21 22 20 0 8 8 10
25 7 6 24 25 23 8 0 6 8
24 6 6 24 25 23 8 6 0 7
27 6 6 26 27 25 10 8 7 0
