8 8 250 27 73
15 25 24 11 8 13 16 16
27 50 32 22 7 11 28 28
52 87 54 39 23 32 49 54
27 34 40 24 15 26 39 37
33 66 61 41 19 21 40 31
29 40 35 15 9 21 33 26
23 30 46 20 12 14 31 14
62 125 136 76 36 60 80 77
18 31 54 38 45 33 26 90
0 11 13 14 12 14 11 14
11 0 12 16 3 16 3 16
13 12 0 7 12 6 12 7
14 16 7 0 16 3 16 3
12 3 12 16 0 16 3 16
14 16 6 3 16 0 16 3
11 3 12 16 3 16 0 16
14 16 7 3 16 3 16 0
0 11 10 18 26 31 22 23
11 0 10 22 16 25 13 20
10 10 0 13 23 24 21 18
18 22 13 0 32 29 32 21
26 16 23 32 0 18 9 23
31 25 24 29 18 0 23 17
22 13 21 32 9 23 0 23
23 20 18 21 23 17 23 0
