4 9 250 15 85
30 84 52 54 62 22 29 46 34
71 179 85 121 129 62 53 58 52
75 156 88 120 150 55 46 70 62
37 97 49 74 68 41 38 38 23
59 118 105 60
0 6 11 5
6 0 10 6
11 10 0 12
5 6 12 0
0 19 16 19 17 18 9 19 18
19 0 13 9 14 14 19 9 14
16 13 0 13 11 11 16 13 11
19 9 13 0 13 13 19 9 13
17 14 11 13 0 9 17 13 9
18 14 11 13 9 0 18 13 9
9 19 16 19 17 18 0 18 17
19 9 13 9 13 13 18 0 13
18 14 11 13 9 9 17 13 0
