7 10 250 19 81
20 13 42 57 27 30 26 41 50 41
40 34 104 134 88 57 69 89 124 90
71 67 141 179 116 95 99 116 160 127
40 37 84 77 51 45 37 53 73 71
45 24 98 111 61 69 63 64 103 71
8 5 32 20 17 10 13 18 22 18
40 40 99 127 70 65 54 72 103 73
26 69 82 44 55 11 50
0 12 13 4 4 4 13
12 0 4 12 12 12 4
13 4 0 12 13 12 4
4 12 12 0 4 4 12
4 12 13 4 0 4 13
4 12 12 4 4 0 12
13 4 4 12 13 12 0
0 17 18 16 17 17 15 16 13 13
17 0 11 14 11 8 11 14 13 13
18 11 0 13 9 11 12 13 14 14
16 14 13 0 13 14 13 8 15 15
17 11 9 13 0 11 11 13 13 14
17 8 11 14 11 0 11 14 12 13
15 11 12 13 11 11 0 13 10 11
16 14 13 8 13 14 13 0 15 15
13 13 14 15 13 12 10 15 0 9
13 13 14 15 14 13 11 15 9 0
