10 8 250 11 89
5 8 14 4 11 10 3 21
10 10 7 5 2 4 0 9
30 33 35 15 29 18 11 47
16 21 37 5 15 8 11 38
6 8 5 1 4 5 2 9
10 15 16 6 10 7 7 14
9 16 19 7 11 10 5 29
16 18 18 4 9 7 5 28
15 12 26 6 11 16 8 27
9 20 20 8 9 14 4 40
26 17 65 47 13 30 32 32 36 43
0 18 17 16 9 17 18 17 11 15
18 0 7 7 16 6 5 6 15 7
17 7 0 5 15 6 6 5 15 8
16 7 5 0 15 6 6 5 15 7
9 16 15 15 0 15 16 16 7 13
17 6 6 6 15 0 6 6 15 6
18 5 6 6 16 6 0 5 15 7
17 6 5 5 16 6 5 0 15 7
11 15 15 15 7 15 15 15 0 12
15 7 8 7 13 6 7 7 12 0
0 12 11 11 23 12 24 24
12 0 10 11 24 11 24 25
11 10 0 10 23 11 24 24
11 11 10 0 23 12 23 24
23 24 23 23 0 25 11 15
12 11 11 12 25 0 25 26
24 24 24 23 11 25 0 16
24 25 24 24 15 26 16 0
