4 6 250 47 53
93 101 168 97 274 76
178 183 309 186 558 150
151 132 236 154 391 128
42 37 52 33 118 28
69 126 94 25
0 15 7 3
15 0 12 13
7 12 0 4
3 13 4 0
0 35 26 26 17 35
35 0 28 28 27 8
26 28 0 8 23 27
26 28 8 0 24 28
17 27 23 24 0 26
35 8 27 28 26 0
