5 6 250 33 67
103 120 124 68 120 63
183 222 175 99 182 160
268 283 285 125 293 183
175 194 148 82 168 105
99 146 124 71 112 88
47 76 102 63 45
0 11 12 10 12
11 0 4 8 3
12 4 0 7 3
10 8 7 0 8
12 3 3 8 0
0 11 15 14 11 11
11 0 15 14 10 11
15 15 0 12 15 16
14 14 12 0 14 15
11 10 15 14 0 11
11 11 16 15 11 0
