9 10 250 13 87
9 39 15 11 32 16 15 11 10 13
10 29 7 15 37 7 6 9 10 6
22 61 21 40 56 37 15 16 21 15
20 58 19 40 57 31 18 24 22 26
11 40 22 23 47 22 14 18 12 13
27 121 42 65 120 53 19 53 31 37
77 249 102 144 273 123 69 94 94 79
55 156 56 90 163 81 40 68 55 55
15 59 22 42 51 31 18 23 17 18
14 12 25 29 20 45 104 75 24
0 5 11 11 12 4 10 5 11
5 0 11 11 12 5 10 4 11
11 11 0 4 5 11 4 11 4
11 11 4 0 5 11 5 11 4
12 12 5 5 0 12 5 11 5
4 5 11 11 12 0 10 4 11
10 10 4 5 5 10 0 10 5
5 4 11 11 11 4 10 0 11
11 11 4 4 5 11 5 11 0
0 15 12 17 22 20 20 16 19 19
15 0 12 8 15 9 11 8 11 7
12 12 0 15 16 17 17 12 16 15
17 8 15 0 13 8 7 7 7 8
22 15 16 13 0 15 11 11 10 13
20 9 17 8 15 0 9 11 10 8
20 11 17 7 11 9 0 9 6 9
16 8 12 7 11 11 9 0 8 8
19 11 16 7 10 10 6 8 0 10
19 7 15 8 13 8 9 8 10 0
