4 8 250 12 88
91 113 20 36 28 28 25 62
234 258 74 102 73 70 60 193
234 219 62 108 57 90 50 156
280 255 72 113 62 108 57 195
40 104 92 104
0 9 3 7
9 0 20 13
3 20 0 19
7 13 19 0
0 10 16 13 12 13 12 15
10 0 12 12 10 12 10 17
16 12 0 11 11 11 12 17
13 12 11 0 10 6 12 11
12 10 11 10 0 9 6 16
13 12 11 6 9 0 11 12
12 10 12 12 6 11 0 17
15 17 17 11 16 12 17 0
