6 8 250 7 93
84 8 40 34 16 27 31 24
86 14 40 58 36 24 33 22
233 34 128 119 59 61 75 45
614 86 280 315 166 194 209 124
109 12 60 70 33 43 37 33
279 51 119 133 65 89 85 51
21 21 54 158 27 65
0 4 3 13 14 4
4 0 4 13 13 4
3 4 0 13 14 4
13 13 13 0 4 13
14 13 14 4 0 13
4 4 4 13 13 0
0 29 30 31 40 28 28 35
29 0 18 16 19 7 20 23
30 18 0 23 19 17 9 26
31 16 23 0 27 15 24 34
40 19 19 27 0 20 22 21
28 7 17 15 20 0 20 23
28 20 9 24 22 20 0 28
35 23 26 34 21 23 28 0
