7 6 250 32 68
21 9 25 26 42 39
115 45 114 117 172 169
48 11 46 60 82 70
35 21 51 38 66 65
48 12 67 65 83 82
21 13 31 26 31 26
22 13 30 40 46 43
26 125 48 45 56 26 28
0 4 13 2 7 2 6
4 0 15 4 9 4 9
13 15 0 13 13 13 13
2 4 13 0 7 2 7
7 9 13 7 0 7 2
2 4 13 2 7 0 7
6 9 13 7 2 7 0
0 15 14 14 11 14
15 0 17 17 11 8
14 17 0 7 14 17
14 17 7 0 14 17
11 11 14 14 0 11
14 8 17 17 11 0
