4 8 250 19 81
28 13 24 24 20 31 14 58
43 13 31 42 28 47 35 105
76 29 58 73 61 107 52 187
40 10 28 30 32 54 28 102
47 84 141 70
0 16 16 6
16 0 4 16
16 4 0 16
6 16 16 0
0 10 10 16 10 12 11 12
10 0 8 14 8 14 10 14
10 8 0 14 8 14 11 14
16 14 14 0 14 18 17 18
10 8 8 14 0 14 11 14
12 14 14 18 14 0 14 8
11 10 11 17 11 14 0 14
12 14 14 18 14 8 14 0
