8 8 250 4 96
4 2 13 24 8 8 19 14
13 11 27 26 19 20 52 18
11 9 15 34 5 8 34 12
17 13 26 40 17 23 57 24
28 12 41 69 24 31 93 42
8 8 14 37 16 11 33 24
11 7 14 29 6 15 36 17
11 7 13 33 12 17 32 26
25 42 31 54 75 40 33 40
0 8 8 8 6 8 9 8
8 0 4 3 10 13 9 13
8 4 0 3 9 12 8 12
8 3 3 0 10 13 9 13
6 10 9 10 0 6 9 6
8 13 12 13 6 0 11 3
9 9 8 9 9 11 0 11
8 13 12 13 6 3 11 0
0 27 28 13 12 27 27 27
27 0 11 25 25 11 28 23
28 11 0 26 26 10 28 24
13 25 26 0 13 26 24 28
12 25 26 13 0 26 27 25
27 11 10 26 26 0 28 24
27 28 28 24 27 28 0 38
27 23 24 28 25 24 38 0
