9 8 250 13 87
41 22 64 40 76 107 64 45
55 36 78 66 117 125 119 81
41 28 99 59 88 109 105 67
42 28 78 46 110 92 84 64
46 28 76 70 102 124 115 77
29 19 40 31 47 51 43 33
15 10 17 14 34 36 30 20
20 10 47 40 47 57 60 24
33 29 55 39 94 106 69 55
34 55 48 42 51 26 15 23 36
0 14 13 16 15 11 15 11 11
14 0 13 4 8 12 8 6 12
13 13 0 14 8 5 8 11 5
16 4 14 0 9 13 9 8 13
15 8 8 9 0 9 3 9 9
11 12 5 13 9 0 9 9 3
15 8 8 9 3 9 0 9 9
11 6 11 8 9 9 9 0 9
11 12 5 13 9 3 9 9 0
0 19 20 21 20 19 20 21
19 0 19 18 19 18 20 19
20 19 0 11 8 9 9 11
21 18 11 0 12 11 13 8
20 19 8 12 0 9 9 12
19 18 9 11 9 0 10 11
20 20 9 13 9 10 0 13
21 19 11 8 12 11 13 0
