4 8 250 16 84
87 59 114 62 38 16 41 24
226 171 305 146 115 60 95 38
205 172 262 180 102 55 77 43
369 270 483 263 168 68 185 65
34 93 82 152
0 13 10 13
13 0 3 14
10 3 0 19
13 14 19 0
0 22 17 17 9 21 21 21
22 0 14 14 22 10 9 13
17 14 0 9 18 13 13 17
17 14 9 0 18 13 13 17
9 22 18 18 0 22 22 21
21 10 13 13 22 0 9 14
21 9 13 13 22 9 0 13
21 13 17 17 21 14 13 0
