4 7 250 58 42
56 137 75 34 72 28 42
87 232 166 84 121 50 73
89 256 170 97 114 73 84
101 230 162 97 124 64 101
49 86 103 98
0 20 14 20
20 0 11 4
14 11 0 10
20 4 10 0
0 12 27 18 11 19 25
12 0 21 20 13 14 21
27 21 0 21 31 8 12
18 20 21 0 29 17 27
11 13 31 29 0 23 25
19 14 8 17 23 0 10
25 21 12 27 25 10 0
