9 9 250 69 31
17 26 79 27 53 35 49 28 58
13 26 54 20 43 17 42 11 50
33 40 124 57 78 51 90 36 93
18 40 89 43 75 40 69 28 101
36 42 199 89 114 64 112 47 145
9 22 57 36 44 19 52 18 63
15 20 101 44 59 38 70 30 81
18 25 69 32 43 35 41 19 72
14 20 58 33 46 22 38 12 41
33 24 52 41 80 28 37 29 26
0 7 12 7 5 4 7 4 12
7 0 11 4 7 8 4 7 11
12 11 0 11 12 12 11 12 4
7 4 11 0 7 8 4 7 11
5 7 12 7 0 5 7 4 12
4 8 12 8 5 0 8 4 12
7 4 11 4 7 8 0 7 11
4 7 12 7 4 4 7 0 12
12 11 4 11 12 12 11 12 0
0 13 13 12 10 7 12 11 12
13 0 19 8 11 13 19 8 19
13 19 0 18 16 13 8 17 7
12 8 18 0 11 12 17 7 17
10 11 16 11 0 10 16 10 16
7 13 13 12 10 0 12 12 12
12 19 8 17 16 12 0 17 7
11 8 17 7 10 12 17 0 17
12 19 7 17 16 12 7 17 0
