9 4 250 22 78
11 16 11 18
19 20 39 47
50 47 82 65
27 20 28 33
44 50 97 80
53 36 78 96
27 18 40 39
23 22 42 39
15 21 50 41
13 28 53 27 65 61 31 30 32
0 14 12 12 7 13 7 11 6
14 0 19 18 12 5 11 18 12
12 19 0 6 14 19 14 5 13
12 18 6 0 13 17 13 5 13
7 12 14 13 0 11 5 13 5
13 5 19 17 11 0 11 18 12
7 11 14 13 5 11 0 13 5
11 18 5 5 13 18 13 0 13
6 12 13 13 5 12 5 13 0
0 14 10 10
14 0 15 16
10 15 0 10
10 16 10 0
