4 9 250 67 33
61 91 55 84 27 132 73 39 46
93 157 63 126 45 178 108 51 59
203 380 163 263 97 402 202 111 134
80 138 69 120 43 154 102 48 41
49 65 146 66
0 11 14 12
11 0 10 7
14 10 0 3
12 7 3 0
0 16 8 18 16 20 19 6 9
16 0 15 12 6 19 12 16 15
8 15 0 16 15 20 17 9 6
18 12 16 0 11 18 7 18 16
16 6 15 11 0 18 12 16 15
20 19 20 18 18 0 17 20 19
19 12 17 7 12 17 0 19 16
6 16 9 18 16 20 19 0 9
9 15 6 16 15 19 16 9 0
