4 8 250 34 66
37 47 52 60 63 62 98 59
47 92 57 105 83 76 144 90
84 195 149 208 240 206 376 211
114 224 158 229 248 218 390 233
38 50 114 146
0 7 13 14
7 0 15 16
13 15 0 5
14 16 5 0
0 17 30 23 17 36 37 27
17 0 23 20 11 31 33 36
30 23 0 10 13 17 28 27
23 20 10 0 11 13 20 20
17 11 13 11 0 24 30 26
36 31 17 13 24 0 14 26
37 33 28 20 30 14 0 31
27 36 27 20 26 26 31 0
