4 9 250 31 69
33 26 24 26 20 20 14 32 18
74 49 54 43 19 33 47 61 42
99 71 72 70 55 60 53 96 73
55 28 36 38 23 29 33 53 33
49 90 134 65
0 8 7 4
8 0 15 8
7 15 0 11
4 8 11 0
0 35 18 25 20 19 20 22 9
35 0 35 22 28 28 28 31 35
18 35 0 23 23 20 23 14 18
25 22 23 0 23 22 23 19 25
20 28 23 23 0 11 9 24 20
19 28 20 22 11 0 11 22 19
20 28 23 23 9 11 0 24 20
22 31 14 19 24 22 24 0 22
9 35 18 25 20 19 20 22 0
