5 10 250 11 89
5 23 18 16 15 18 30 11 6 16
9 22 48 26 23 43 41 18 5 20
25 49 85 48 49 64 72 55 16 37
37 92 160 113 95 127 155 91 27 84
11 39 60 39 28 42 50 34 10 26
24 41 78 137 49
0 12 9 10 9
12 0 10 9 10
9 10 0 5 5
10 9 5 0 5
9 10 5 5 0
0 15 17 21 21 17 17 10 21 20
15 0 16 22 22 16 16 15 21 21
17 16 0 19 17 11 10 17 16 18
21 22 19 0 13 19 18 20 13 11
21 22 17 13 0 17 17 21 11 14
17 16 11 19 17 0 10 17 17 18
17 16 10 18 17 10 0 17 16 18
10 15 17 20 21 17 17 0 20 19
21 21 16 13 11 17 16 20 0 13
20 21 18 11 14 18 18 19 13 0
