6 7 250 59 41
36 127 123 58 92 82 94
53 180 177 78 141 121 117
77 249 215 128 198 173 148
31 96 93 43 87 58 52
32 117 132 73 95 61 67
61 208 182 92 159 130 138
49 58 94 37 44 69
0 11 13 10 10 11
11 0 7 5 5 5
13 7 0 8 7 7
10 5 8 0 5 5
10 5 7 5 0 5
11 5 7 5 5 0
0 7 22 33 23 32 6
7 0 21 32 22 31 8
22 21 0 33 8 32 21
33 32 33 0 32 7 32
23 22 8 32 0 31 22
32 31 32 7 31 0 32
6 8 21 32 22 32 0
