4 7 250 19 81
83 84 85 122 56 125 41
82 70 66 130 45 94 53
253 203 190 352 157 275 133
83 62 41 98 39 85 33
60 52 152 51
0 2 11 5
2 0 13 7
11 13 0 3
5 7 3 0
0 16 16 15 10 16 16
16 0 10 16 16 10 10
16 10 0 17 16 10 9
15 16 17 0 15 16 17
10 16 16 15 0 16 16
16 10 10 16 16 0 10
16 10 9 17 16 10 0
