8 6 250 68 32
35 75 22 49 72 118
55 87 31 63 113 164
88 154 49 97 153 297
52 111 21 71 97 184
48 85 20 55 99 155
38 86 31 49 109 168
28 57 10 32 63 107
25 54 14 31 38 84
32 50 75 45 44 39 24 22
0 9 10 6 12 10 5 9
9 0 13 9 16 13 9 6
10 13 0 11 15 6 10 13
6 9 11 0 12 11 5 9
12 16 15 12 0 15 12 15
10 13 6 11 15 0 11 13
5 9 10 5 12 11 0 9
9 6 13 9 15 13 9 0
0 12 19 11 16 18
12 0 18 13 15 16
19 18 0 17 11 11
11 13 17 0 15 17
16 15 11 15 0 10
18 16 11 17 10 0
