10 4 250 9 91
9 17 31 9
36 52 100 35
40 51 129 43
52 83 159 45
74 115 212 56
42 67 120 39
20 38 85 20
31 33 86 20
17 36 64 19
76 63 166 50
10 28 35 48 64 34 21 25 19 53
0 11 6 10 5 11 9 8 9 9
11 0 10 10 11 12 13 8 7 13
6 10 0 8 7 9 10 7 8 10
10 10 8 0 11 6 13 8 8 13
5 11 7 11 0 12 8 9 10 10
11 12 9 6 12 0 14 9 9 14
9 13 10 13 8 14 0 12 12 6
8 8 7 8 9 9 12 0 5 12
9 7 8 8 10 9 12 5 0 13
9 13 10 13 10 14 6 12 13 0
0 40 6 29
40 0 27 19
6 27 0 27
29 19 27 0
