7 9 250 11 89
30 41 40 41 36 10 49 52 44
26 41 36 77 72 27 47 77 69
70 80 77 99 104 31 70 109 119
35 66 52 76 77 36 57 79 83
116 184 187 235 223 79 189 221 205
32 50 48 73 74 23 51 69 70
35 51 51 84 87 33 55 82 90
23 33 53 41 104 34 44
0 6 12 7 11 12 4
6 0 11 7 10 11 6
12 11 0 9 11 5 12
7 7 9 0 10 9 7
11 10 11 10 0 11 11
12 11 5 9 11 0 12
4 6 12 7 11 12 0
0 11 15 16 17 18 8 14 8
11 0 13 18 21 22 12 17 13
15 13 0 19 25 18 16 13 15
16 18 19 0 18 22 17 14 16
17 21 25 18 0 24 16 22 17
18 22 18 22 24 0 19 16 17
8 12 16 17 16 19 0 16 8
14 17 13 14 22 16 16 0 15
8 13 15 16 17 17 8 15 0
