9 9 250 12 88
10 14 7 3 31 18 22 23 11
11 16 5 1 22 13 16 16 14
23 25 20 9 35 44 28 28 24
10 16 15 5 39 27 38 38 22
2 2 1 2 10 8 10 6 3
7 8 3 5 9 12 9 8 13
22 20 19 9 55 41 38 32 25
21 36 22 15 42 42 40 54 27
18 32 22 20 54 41 41 48 29
26 25 48 43 10 17 51 54 59
0 9 10 5 15 9 9 8 5
9 0 5 10 11 5 5 10 10
10 5 0 10 10 5 5 10 10
5 10 10 0 16 10 10 9 4
15 11 10 16 0 10 11 16 16
9 5 5 10 10 0 5 10 10
9 5 5 10 11 5 0 10 9
8 10 10 9 16 10 10 0 9
5 10 10 4 16 10 9 9 0
0 15 13 16 17 11 13 12 15
15 0 16 17 16 14 15 16 19
13 16 0 13 18 13 10 11 17
16 17 13 0 20 16 13 14 21
17 16 18 20 0 17 18 18 20
11 14 13 16 17 0 13 13 15
13 15 10 13 18 13 0 11 18
12 16 11 14 18 13 11 0 17
15 19 17 21 20 15 18 17 0
