9 7 250 40 60
51 29 24 36 27 26 20
88 74 71 87 83 82 53
95 81 56 88 58 48 42
41 46 35 49 29 32 21
45 53 23 48 42 28 26
34 44 32 34 30 34 27
48 27 32 50 26 17 19
61 51 33 42 41 30 35
30 26 25 40 24 17 14
27 69 56 30 37 31 27 40 24
0 12 13 11 2 2 13 12 11
12 0 6 5 13 12 6 3 5
13 6 0 7 14 13 3 6 8
11 5 7 0 11 10 7 5 3
2 13 14 11 0 3 13 12 11
2 12 13 10 3 0 13 12 11
13 6 3 7 13 13 0 6 8
12 3 6 5 12 12 6 0 5
11 5 8 3 11 11 8 5 0
0 23 26 26 23 23 28
23 0 19 17 8 9 21
26 19 0 26 20 20 10
26 17 26 0 17 17 28
23 8 20 17 0 8 22
23 9 20 17 8 0 22
28 21 10 28 22 22 0
