10 6 250 12 88
22 17 14 28 32 22
26 22 19 75 55 42
30 27 28 75 59 31
11 11 7 22 25 18
9 1 2 15 14 7
14 11 16 31 22 21
17 11 12 37 26 18
31 35 25 82 45 29
40 20 24 87 57 44
12 12 13 22 11 13
27 54 50 21 10 26 24 51 56 17
0 5 5 7 7 5 8 11 5 5
5 0 6 7 7 5 7 11 5 5
5 6 0 8 7 6 8 11 5 5
7 7 8 0 5 8 5 9 8 7
7 7 7 5 0 7 5 9 7 7
5 5 6 8 7 0 8 12 6 5
8 7 8 5 5 8 0 9 8 8
11 11 11 9 9 12 9 0 12 11
5 5 5 8 7 6 8 12 0 5
5 5 5 7 7 5 8 11 5 0
0 24 24 17 23 18
24 0 10 22 11 22
24 10 0 21 10 21
17 22 21 0 21 10
23 11 10 21 0 21
18 22 21 10 21 0
