7 9 250 20 80
15 5 11 18 28 10 21 22 16
33 10 19 23 50 27 21 27 27
80 32 46 70 105 68 89 110 63
38 9 18 23 43 30 39 39 40
76 27 48 85 119 79 76 112 82
32 12 26 22 64 42 44 50 21
25 4 13 20 38 21 22 28 18
20 30 82 34 97 45 27
0 14 8 11 9 4 7
14 0 11 6 14 13 18
8 11 0 8 11 8 13
11 6 8 0 11 10 14
9 14 11 11 0 8 11
4 13 8 10 8 0 8
7 18 13 14 11 8 0
0 19 16 23 7 19 31 16 15
19 0 23 15 20 7 24 23 12
16 23 0 22 16 23 25 6 22
23 15 22 0 24 14 18 22 20
7 20 16 24 0 21 31 16 17
19 7 23 14 21 0 23 23 13
31 24 25 18 31 23 0 24 29
16 23 6 22 16 23 24 0 22
15 12 22 20 17 13 29 22 0
