8 9 250 7 93
50 72 69 48 56 53 24 37 46
75 122 94 51 85 88 35 54 60
51 70 78 56 67 76 31 39 47
45 62 47 43 58 45 13 40 31
55 76 58 48 54 56 25 48 33
52 83 73 45 65 61 18 42 34
97 174 145 107 118 123 67 109 89
56 115 107 52 67 76 25 39 43
34 49 40 32 32 32 79 46
0 11 8 7 6 8 13 12
11 0 11 9 12 3 8 8
8 11 0 2 5 9 7 7
7 9 2 0 6 7 6 6
6 12 5 6 0 10 11 9
8 3 9 7 10 0 8 8
13 8 7 6 11 8 0 4
12 8 7 6 9 8 4 0
0 11 23 27 23 24 15 26 27
11 0 19 22 22 19 12 23 22
23 19 0 13 16 7 12 27 12
27 22 13 0 24 12 18 31 6
23 22 16 24 0 17 15 27 24
24 19 7 12 17 0 13 27 12
15 12 12 18 15 13 0 24 18
26 23 27 31 27 27 24 0 31
27 22 12 6 24 12 18 31 0
