10 9 250 59 41
4 6 10 7 18 7 10 15 6
8 14 9 4 6 8 13 22 11
17 11 23 14 28 18 35 37 20
5 7 5 2 9 6 4 21 15
14 8 11 5 13 13 17 29 15
7 7 8 6 22 13 15 21 10
14 7 10 3 20 18 10 22 15
12 2 6 6 8 8 10 16 11
5 5 5 1 4 8 6 13 4
11 6 10 11 14 15 12 17 13
28 28 67 22 40 38 42 26 18 32
0 15 3 14 14 15 15 17 15 4
15 0 15 18 17 4 17 4 4 16
3 15 0 14 14 14 14 16 14 5
14 18 14 0 3 19 4 20 20 17
14 17 14 3 0 18 3 19 18 17
15 4 14 19 18 0 18 4 3 15
15 17 14 4 3 18 0 19 18 17
17 4 16 20 19 4 19 0 4 17
15 4 14 20 18 3 18 4 0 15
4 16 5 17 17 15 17 17 15 0
0 18 17 19 19 19 19 9 10
18 0 10 13 13 13 13 18 19
17 10 0 13 13 13 13 17 18
19 13 13 0 10 10 10 19 20
19 13 13 10 0 10 9 19 20
19 13 13 10 10 0 10 19 20
19 13 13 10 9 10 0 19 20
9 18 17 19 19 19 19 0 11
10 19 18 20 20 20 20 11 0
