9 8 250 5 95
5 9 5 19 6 19 10 6
12 37 22 70 29 48 28 32
3 28 16 42 11 35 20 13
4 12 7 14 6 19 8 5
5 9 9 20 13 24 17 13
1 17 18 24 10 22 17 23
2 34 16 37 14 45 21 16
8 26 14 35 17 29 19 22
17 91 47 108 42 71 43 48
15 60 35 16 24 29 35 37 104
0 8 4 9 7 4 11 7 4
8 0 9 3 11 9 11 11 9
4 9 0 10 7 3 11 8 3
9 3 10 0 12 10 11 12 10
7 11 7 12 0 8 15 4 7
4 9 3 10 8 0 10 8 4
11 11 11 11 15 10 0 15 10
7 11 8 12 4 8 15 0 8
4 9 3 10 7 4 10 8 0
0 14 15 12 11 13 14 15
14 0 14 14 14 15 14 14
15 14 0 13 16 17 13 10
12 14 13 0 13 15 14 13
11 14 16 13 0 12 15 16
13 15 17 15 12 0 16 17
14 14 13 14 15 16 0 13
15 14 10 13 16 17 13 0
