8 10 250 5 95
30 35 60 34 40 68 60 27 25 35
21 33 28 21 32 38 30 19 19 20
109 114 135 133 156 176 154 92 89 99
40 36 61 50 50 65 56 49 28 22
51 61 66 55 77 80 67 37 45 43
23 42 47 27 45 40 34 29 22 22
105 101 118 112 139 154 159 91 69 93
19 19 24 31 21 40 18 15 15 17
27 20 82 33 42 23 80 17
0 7 8 7 5 7 7 12
7 0 4 5 7 6 3 14
8 4 0 5 8 6 3 14
7 5 5 0 7 3 5 11
5 7 8 7 0 7 7 12
7 6 6 3 7 0 6 11
7 3 3 5 7 6 0 14
12 14 14 11 12 11 14 0
0 19 19 19 17 18 10 19 18 17
19 0 23 24 15 20 20 9 20 14
19 23 0 27 21 14 21 23 14 22
19 24 27 0 19 23 19 25 23 19
17 15 21 19 0 16 18 15 16 10
18 20 14 23 16 0 20 20 9 18
10 20 21 19 18 20 0 20 20 19
19 9 23 25 15 20 20 0 20 15
18 20 14 23 16 9 20 20 0 18
17 14 22 19 10 18 19 15 18 0
