10 4 250 74 26
117 17 60 73
60 11 39 35
232 48 169 213
191 28 96 111
251 54 150 209
183 56 114 153
147 35 103 104
343 79 229 219
132 27 87 92
132 27 80 116
19 12 52 35 48 41 27 58 25 28
0 11 10 14 12 5 5 9 9 5
11 0 10 13 14 11 10 10 13 11
10 10 0 12 10 9 9 6 11 10
14 13 12 0 10 14 14 12 11 14
12 14 10 10 0 12 12 10 10 13
5 11 9 14 12 0 5 9 9 5
5 10 9 14 12 5 0 8 10 5
9 10 6 12 10 9 8 0 10 9
9 13 11 11 10 9 10 10 0 10
5 11 10 14 13 5 5 9 10 0
0 10 17 19
10 0 17 20
17 17 0 14
19 20 14 0
