9 9 250 6 94
21 12 23 20 35 39 78 30 32
26 19 25 21 35 46 74 31 38
30 14 29 21 57 53 84 39 38
17 16 24 15 39 40 70 21 40
23 17 18 19 32 41 59 27 29
41 22 38 25 65 73 109 37 52
40 18 40 32 63 75 127 40 53
24 13 27 20 26 41 77 31 38
46 26 48 33 92 82 130 59 68
27 30 39 26 27 52 53 32 62
0 6 10 12 13 13 7 10 10
6 0 6 14 13 16 12 10 6
10 6 0 13 10 16 15 8 2
12 14 13 0 10 6 12 7 13
13 13 10 10 0 10 15 5 10
13 16 16 6 10 0 12 9 16
7 12 15 12 15 12 0 13 15
10 10 8 7 5 9 13 0 8
10 6 2 13 10 16 15 8 0
0 28 24 29 27 30 13 24 8
28 0 19 32 10 32 30 13 28
24 19 0 22 17 21 24 17 24
29 32 22 0 30 9 27 29 28
27 10 17 30 0 30 30 11 27
30 32 21 9 30 0 27 29 28
13 30 24 27 30 27 0 27 13
24 13 17 29 11 29 27 0 24
8 28 24 28 27 28 13 24 0
