9 9 250 6 94
22 16 15 11 5 7 9 29 21
44 48 18 28 14 18 55 79 39
14 28 7 14 8 14 29 46 18
12 10 10 3 2 10 11 19 6
13 19 12 15 7 8 25 33 16
9 9 4 3 7 7 12 19 12
12 12 6 7 4 12 16 29 15
14 17 9 6 3 3 22 20 12
42 28 19 15 8 9 27 50 19
33 82 44 19 36 22 29 23 49
0 8 8 12 8 3 12 8 13
8 0 3 9 3 8 7 3 10
8 3 0 9 3 8 6 3 9
12 9 9 0 9 13 11 10 3
8 3 3 9 0 8 7 3 9
3 8 8 13 8 0 12 8 13
12 7 6 11 7 12 0 7 11
8 3 3 10 3 8 7 0 10
13 10 9 3 9 13 11 10 0
0 21 21 29 21 25 9 21 25
21 0 7 38 8 13 19 8 12
21 7 0 38 7 13 19 7 13
29 38 38 0 39 39 29 38 39
21 8 7 39 0 13 19 7 13
25 13 13 39 13 0 23 14 7
9 19 19 29 19 23 0 19 23
21 8 7 38 7 14 19 0 13
25 12 13 39 13 7 23 13 0
