5 8 250 21 79
21 45 8 15 19 48 24 20
33 83 16 30 26 97 29 38
53 158 21 43 43 169 28 57
33 64 11 16 18 78 24 34
69 143 23 34 32 189 48 61
31 59 89 46 99
0 5 6 13 8
5 0 5 12 8
6 5 0 12 8
13 12 12 0 11
8 8 8 11 0
0 36 35 21 22 35 28 36
36 0 11 39 39 12 32 11
35 11 0 38 38 12 30 10
21 39 38 0 10 39 35 39
22 39 38 10 0 39 35 39
35 12 12 39 39 0 30 11
28 32 30 35 35 30 0 31
36 11 10 39 39 11 31 0
