6 8 250 33 67
26 61 37 35 28 8 21 53
149 221 142 115 82 60 97 171
60 93 72 48 32 29 34 67
35 58 40 30 17 15 21 41
34 60 34 13 24 15 11 28
82 107 81 61 65 23 43 88
31 130 54 34 29 72
0 4 4 13 11 5
4 0 4 13 12 5
4 4 0 13 12 5
13 13 13 0 5 12
11 12 12 5 0 11
5 5 5 12 11 0
0 15 18 22 14 22 6 12
15 0 10 24 26 24 15 6
18 10 0 20 28 21 18 11
22 24 20 0 27 6 21 22
14 26 28 27 0 26 15 23
22 24 21 6 26 0 22 23
6 15 18 21 15 22 0 12
12 6 11 22 23 23 12 0
