7 10 250 7 93
20 55 12 12 31 50 41 63 40 42
18 42 11 16 27 36 28 45 36 24
53 104 45 43 52 97 85 86 68 72
87 241 64 71 132 221 155 227 136 212
19 67 24 23 40 66 41 76 40 47
44 90 26 45 56 119 67 107 71 84
34 74 17 25 48 55 52 97 33 54
26 21 53 103 36 56 36
0 5 12 12 13 4 14
5 0 12 12 13 4 14
12 12 0 4 8 12 9
12 12 4 0 8 12 9
13 13 8 8 0 13 5
4 4 12 12 13 0 14
14 14 9 9 5 14 0
0 37 26 38 26 26 9 9 10 9
37 0 20 11 20 21 37 37 37 38
26 20 0 21 10 10 25 25 25 26
38 11 21 0 21 21 37 38 37 38
26 20 10 21 0 9 25 26 25 26
26 21 10 21 9 0 25 25 25 26
9 37 25 37 25 25 0 9 10 9
9 37 25 38 26 25 9 0 10 9
10 37 25 37 25 25 10 10 0 11
9 38 26 38 26 26 9 9 11 0
