10 8 250 6 94
28 8 11 38 68 19 12 16
19 14 22 36 60 16 13 11
39 17 20 47 110 30 28 27
47 20 21 50 92 24 36 28
12 6 17 30 54 19 16 11
28 10 18 35 81 15 24 17
36 14 11 34 90 26 15 25
18 5 8 18 49 9 10 5
138 66 90 213 403 75 98 75
22 18 18 27 71 20 13 22
20 19 33 38 16 24 25 14 131 24
0 7 7 6 7 16 6 6 15 16
7 0 7 7 6 15 6 6 14 15
7 7 0 6 6 15 6 6 14 15
6 7 6 0 7 16 6 6 15 16
7 6 6 7 0 14 6 7 14 14
16 15 15 16 14 0 15 16 6 5
6 6 6 6 6 15 0 6 14 15
6 6 6 6 7 16 6 0 15 16
15 14 14 15 14 6 14 15 0 6
16 15 15 16 14 5 15 16 6 0
0 34 11 32 34 32 12 10
34 0 33 12 34 14 33 34
11 33 0 32 34 32 13 11
32 12 32 0 34 11 31 32
34 34 34 34 0 34 32 34
32 14 32 11 34 0 31 32
12 33 13 31 32 31 0 13
10 34 11 32 34 32 13 0
