6 9 250 50 50
23 32 47 44 39 64 34 39 53
39 64 62 58 67 75 53 60 80
101 156 189 156 163 215 140 188 214
27 40 45 60 42 46 36 53 54
31 40 33 34 30 43 22 36 54
27 28 65 44 47 49 27 45 47
36 57 145 39 29 34
0 4 4 4 4 13
4 0 4 4 4 13
4 4 0 4 4 13
4 4 4 0 4 13
4 4 4 4 0 13
13 13 13 13 13 0
0 26 10 11 34 11 34 34 35
26 0 25 25 26 25 26 26 26
10 25 0 10 34 10 34 34 35
11 25 10 0 33 10 33 34 34
34 26 34 33 0 33 11 12 12
11 25 10 10 33 0 33 34 34
34 26 34 33 11 33 0 10 10
34 26 34 34 12 34 10 0 10
35 26 35 34 12 34 10 10 0
