5 10 250 30 70
69 20 38 52 13 17 139 55 26 25
269 64 159 166 54 56 423 178 132 71
158 45 99 170 43 59 314 125 98 61
102 28 65 68 21 26 200 58 58 31
97 24 46 78 18 30 175 64 46 22
36 115 95 52 50
0 12 3 13 13
12 0 12 4 3
3 12 0 13 13
13 4 13 0 4
13 3 13 4 0
0 30 6 31 30 7 7 32 32 32
30 0 30 7 6 30 30 18 8 8
6 30 0 31 30 6 8 31 32 32
31 7 31 0 8 31 31 19 8 7
30 6 30 8 0 30 30 18 8 8
7 30 6 31 30 0 8 31 33 32
7 30 8 31 30 8 0 32 32 32
32 18 31 19 18 31 32 0 19 20
32 8 32 8 8 33 32 19 0 7
32 8 32 7 8 32 32 20 7 0
