4 9 250 22 78
25 39 11 43 119 80 49 31 53
31 71 27 80 241 130 82 68 103
47 106 32 103 288 145 108 103 138
12 52 17 30 120 64 36 32 46
61 99 117 45
0 12 5 8
12 0 17 18
5 17 0 6
8 18 6 0
0 20 13 15 13 11 11 15 10
20 0 21 26 23 18 23 27 23
13 21 0 21 17 15 10 13 11
15 26 21 0 17 18 18 20 16
13 23 17 17 0 10 14 16 15
11 18 15 18 10 0 14 17 14
11 23 10 18 14 14 0 11 8
15 27 13 20 16 17 11 0 13
10 23 11 16 15 14 8 13 0
