5 8 250 16 84
19 26 37 38 51 103 23 96
21 36 34 36 62 116 31 90
58 79 69 111 141 305 44 224
15 26 16 23 38 85 11 68
25 51 50 62 105 173 37 112
48 48 129 37 78
0 4 13 3 4
4 0 16 2 4
13 16 0 15 15
3 2 15 0 3
4 4 15 3 0
0 37 35 10 23 25 35 36
37 0 10 39 34 32 10 9
35 10 0 38 34 33 9 9
10 39 38 0 24 26 37 38
23 34 34 24 0 10 33 34
25 32 33 26 10 0 31 32
35 10 9 37 33 31 0 9
36 9 9 38 34 32 9 0
