7 6 250 2 98
80 120 78 72 61 71
140 197 97 109 93 118
198 300 139 161 148 170
165 238 136 133 115 122
78 112 47 65 42 69
72 108 70 73 64 67
127 181 91 127 103 113
37 55 81 67 29 31 46
0 2 3 7 12 13 3
2 0 3 6 13 14 3
3 3 0 8 13 15 3
7 6 8 0 17 18 9
12 13 13 17 0 2 10
13 14 15 18 2 0 12
3 3 3 9 10 12 0
0 8 28 18 22 6
8 0 12 10 30 14
28 12 0 10 35 32
18 10 10 0 20 16
22 30 35 20 0 18
6 14 32 16 18 0
