9 10 250 17 83
3 15 14 7 8 25 11 17 3 6
7 24 12 3 13 19 29 18 9 21
15 30 36 14 34 22 42 34 8 25
5 18 6 2 4 4 17 5 2 4
7 15 10 10 9 10 11 8 1 13
18 35 24 12 22 26 27 25 5 19
3 24 12 5 9 16 30 16 1 13
22 42 25 18 24 40 57 41 12 30
15 32 18 22 31 30 44 19 8 26
26 33 54 14 21 51 28 73 53
0 11 4 13 14 18 14 14 10
11 0 11 14 12 14 12 14 4
4 11 0 13 14 18 14 14 11
13 14 13 0 8 11 9 12 14
14 12 14 8 0 9 4 9 12
18 14 18 11 9 0 9 15 14
14 12 14 9 4 9 0 9 12
14 14 14 12 9 15 9 0 14
10 4 11 14 12 14 12 14 0
0 9 9 19 19 19 18 9 18 19
9 0 9 19 19 19 18 9 18 19
9 9 0 19 19 19 18 9 18 19
19 19 19 0 15 15 10 18 9 9
19 19 19 15 0 9 16 19 15 15
19 19 19 15 9 0 15 19 15 14
18 18 18 10 16 15 0 17 9 10
9 9 9 18 19 19 17 0 18 18
18 18 18 9 15 15 9 18 0 9
19 19 19 9 15 14 10 18 9 0
