9 9 250 65 35
11 7 6 5 12 10 16 4 15
15 24 14 8 19 32 35 8 27
13 15 10 5 14 22 36 18 37
29 28 11 7 11 16 35 16 31
50 46 35 14 34 52 85 25 73
17 16 7 2 7 13 25 3 22
18 15 10 9 12 23 29 10 21
12 11 6 6 6 18 24 8 19
5 5 1 3 3 9 11 1 7
19 42 37 42 107 28 36 24 11
0 17 4 8 19 12 16 9 8
17 0 16 18 10 14 4 18 17
4 16 0 9 18 12 15 10 9
8 18 9 0 20 13 17 4 4
19 10 18 20 0 20 10 20 20
12 14 12 13 20 0 14 13 13
16 4 15 17 10 14 0 17 17
9 18 10 4 20 13 17 0 4
8 17 9 4 20 13 17 4 0
0 16 16 17 10 8 11 12 15
16 0 23 8 19 14 20 21 22
16 23 0 23 16 17 16 15 7
17 8 23 0 20 16 21 22 23
10 19 16 20 0 12 8 9 15
8 14 17 16 12 0 13 14 17
11 20 16 21 8 13 0 8 16
12 21 15 22 9 14 8 0 15
15 22 7 23 15 17 16 15 0
