9 10 250 34 66
11 12 21 41 64 14 90 29 25 3
22 21 47 53 111 17 183 52 31 12
18 17 37 41 126 28 173 52 26 22
26 31 42 53 138 30 204 45 31 22
25 9 32 34 102 26 138 35 42 16
27 23 48 43 109 27 194 46 32 17
9 10 21 35 39 19 97 22 15 12
6 8 11 10 33 15 48 16 15 5
13 16 25 37 87 29 142 42 23 12
26 48 47 55 38 46 25 15 40
0 7 8 3 6 7 3 8 6
7 0 13 7 5 3 7 13 3
8 13 0 8 12 13 8 2 13
3 7 8 0 6 7 3 8 6
6 5 12 6 0 4 6 12 5
7 3 13 7 4 0 7 13 2
3 7 8 3 6 7 0 8 7
8 13 2 8 12 13 8 0 13
6 3 13 6 5 2 7 13 0
0 10 17 17 17 19 14 16 22 20
10 0 17 16 17 19 13 16 21 19
17 17 0 11 10 12 14 11 15 17
17 16 11 0 12 14 13 10 15 17
17 17 10 12 0 12 14 11 15 17
19 19 12 14 12 0 16 13 17 15
14 13 14 13 14 16 0 12 18 18
16 16 11 10 11 13 12 0 16 17
22 21 15 15 15 17 18 16 0 23
20 19 17 17 17 15 18 17 23 0
