4 9 250 18 82
34 49 58 143 142 39 43 115 73
39 64 94 244 170 60 60 185 109
95 139 151 442 288 86 82 325 203
22 25 32 117 81 27 27 78 47
60 95 159 36
0 11 11 12
11 0 4 16
11 4 0 16
12 16 16 0
0 15 16 14 18 15 10 18 15
15 0 13 11 13 10 15 14 10
16 13 0 12 13 13 15 13 13
14 11 12 0 14 11 14 14 11
18 13 13 14 0 13 17 10 13
15 10 13 11 13 0 15 13 10
10 15 15 14 17 15 0 18 15
18 14 13 14 10 13 18 0 14
15 10 13 11 13 10 15 14 0
