10 9 250 33 67
49 39 44 21 21 30 7 41 15
51 39 52 37 19 31 12 32 12
82 46 51 47 22 31 10 48 14
43 32 44 28 19 28 7 30 10
79 62 56 35 26 52 16 68 21
129 69 74 74 36 52 31 92 19
40 33 37 25 12 19 10 33 8
32 27 25 18 11 23 12 29 10
27 31 36 21 15 14 3 38 9
200 107 130 115 68 69 42 131 41
24 28 31 21 43 51 23 19 18 84
0 17 16 16 2 12 2 16 2 15
17 0 3 2 17 8 16 3 16 3
16 3 0 2 16 8 15 2 16 2
16 2 2 0 16 8 16 2 16 3
2 17 16 16 0 12 3 17 3 16
12 8 8 8 12 0 11 8 12 7
2 16 15 16 3 11 0 16 3 15
16 3 2 2 17 8 16 0 16 3
2 16 16 16 3 12 3 16 0 15
15 3 2 3 16 7 15 3 15 0
0 8 16 7 7 16 23 23 23
8 0 15 7 8 14 24 24 24
16 15 0 15 15 18 23 23 23
7 7 15 0 7 15 23 23 23
7 8 15 7 0 15 23 24 23
16 14 18 15 15 0 32 32 32
23 24 23 23 23 32 0 7 8
23 24 23 23 24 32 7 0 8
23 24 23 23 23 32 8 8 0
