7 10 250 16 84
29 25 28 25 19 24 19 23 36 38
85 42 48 49 54 62 60 52 56 72
92 62 72 67 76 82 55 96 103 109
80 47 38 45 40 48 51 57 68 86
173 119 138 130 113 153 113 137 182 216
81 50 88 58 49 83 52 74 83 85
60 50 51 51 45 53 56 63 79 75
20 42 59 41 94 53 41
0 4 10 18 18 17 18
4 0 10 18 18 17 17
10 10 0 20 20 19 19
18 18 20 0 4 5 4
18 18 20 4 0 5 4
17 17 19 5 5 0 4
18 17 19 4 4 4 0
0 19 19 7 27 13 12 12 17 12
19 0 8 19 15 15 15 15 23 16
19 8 0 18 15 15 14 15 23 16
7 19 18 0 26 12 12 11 17 12
27 15 15 26 0 22 21 22 30 23
13 15 15 12 22 0 7 12 22 7
12 15 14 12 21 7 0 11 21 8
12 15 15 11 22 12 11 0 16 13
17 23 23 17 30 22 21 16 0 22
12 16 16 12 23 7 8 13 22 0
