9 8 250 17 83
20 17 6 34 20 26 17 22
50 32 31 118 33 37 34 70
26 33 16 90 36 30 27 48
13 12 4 20 13 16 5 10
20 16 14 39 25 21 12 26
37 33 13 75 30 27 21 39
16 14 7 30 13 21 14 24
47 23 28 82 24 44 30 55
39 24 18 77 22 28 23 47
26 61 50 15 27 39 21 48 47
0 19 6 16 19 19 19 15 17
19 0 18 9 5 6 4 10 9
6 18 0 14 18 18 18 13 17
16 9 14 0 8 7 9 4 11
19 5 18 8 0 5 5 9 9
19 6 18 7 5 0 5 9 11
19 4 18 9 5 5 0 10 10
15 10 13 4 9 9 10 0 11
17 9 17 11 9 11 10 11 0
0 17 15 13 8 23 15 23
17 0 14 12 18 23 14 23
15 14 0 11 16 19 8 18
13 12 11 0 14 20 11 20
8 18 16 14 0 24 17 23
23 23 19 20 24 0 19 8
15 14 8 11 17 19 0 19
23 23 18 20 23 8 19 0
