6 8 250 18 82
62 44 90 44 82 47 23 68
190 108 223 100 231 117 32 193
166 97 216 101 224 118 40 205
86 53 104 54 108 69 21 111
58 27 89 26 72 42 18 63
111 58 146 55 143 88 19 105
32 86 92 41 32 57
0 4 16 9 15 16
4 0 15 9 15 15
16 15 0 17 6 5
9 9 17 0 17 18
15 15 6 17 0 5
16 15 5 18 5 0
0 22 28 24 21 10 23 17
22 0 23 23 12 23 12 30
28 23 0 18 18 28 22 29
24 23 18 0 20 24 25 28
21 12 18 20 0 23 12 28
10 23 28 24 23 0 24 16
23 12 22 25 12 24 0 29
17 30 29 28 28 16 29 0
