7 9 250 21 79
23 8 24 10 9 15 13 16 12
32 7 22 14 5 16 9 13 10
39 7 16 10 7 12 12 10 14
84 28 41 31 13 51 22 26 49
41 12 26 13 16 24 11 8 27
25 2 8 5 7 13 8 3 12
24 11 21 15 8 8 21 8 12
43 37 35 110 50 27 35
0 7 12 13 5 12 11
7 0 17 17 3 18 16
12 17 0 4 15 3 2
13 17 4 0 16 4 4
5 3 15 16 0 16 14
12 18 3 4 16 0 3
11 16 2 4 14 3 0
0 12 13 13 10 13 15 15 13
12 0 10 14 13 14 13 13 13
13 10 0 14 13 13 13 13 13
13 14 14 0 12 10 16 17 10
10 13 13 12 0 13 15 15 13
13 14 13 10 13 0 16 17 10
15 13 13 16 15 16 0 11 16
15 13 13 17 15 17 11 0 16
13 13 13 10 13 10 16 16 0
