6 6 250 18 82
26 13 14 26 25 25
47 29 17 28 38 25
52 41 16 54 62 72
17 9 7 20 30 21
109 54 37 89 110 95
43 13 11 22 28 36
32 41 82 29 125 43
0 13 13 13 9 11
13 0 19 20 7 20
13 19 0 2 16 3
13 20 2 0 17 2
9 7 16 17 0 16
11 20 3 2 16 0
0 19 21 20 33 10
19 0 11 8 26 19
21 11 0 9 28 21
20 8 9 0 27 19
33 26 28 27 0 35
10 19 21 19 35 0
