4 8 250 60 40
17 49 23 13 28 75 18 31
31 103 56 35 59 162 38 51
24 91 44 31 49 138 38 56
22 58 27 19 32 98 25 37
53 108 97 70
0 5 6 19
5 0 6 19
6 6 0 19
19 19 19 0
0 36 36 38 12 12 12 34
36 0 11 12 36 36 36 10
36 11 0 11 35 36 36 12
38 12 11 0 38 39 39 14
12 36 35 38 0 10 9 34
12 36 36 39 10 0 9 35
12 36 36 39 9 9 0 34
34 10 12 14 34 35 34 0
