7 8 250 1 99
49 91 73 58 56 35 18 87
144 221 237 111 160 119 79 273
67 118 136 65 89 61 44 134
36 53 45 22 35 15 17 44
55 73 86 61 56 40 37 95
71 121 116 62 87 36 48 139
19 49 54 21 35 29 18 65
35 105 52 22 36 54 25
0 16 17 15 16 16 16
16 0 15 2 15 14 15
17 15 0 15 2 2 2
15 2 15 0 15 14 15
16 15 2 15 0 2 2
16 14 2 14 2 0 2
16 15 2 15 2 2 0
0 6 9 9 14 6 7 13
6 0 9 9 14 6 7 13
9 9 0 6 15 9 9 15
9 9 6 0 16 9 9 15
14 14 15 16 0 15 15 7
6 6 9 9 15 0 6 14
7 7 9 9 15 6 0 14
13 13 15 15 7 14 14 0
