6 9 250 19 81
17 29 7 23 10 37 7 5 8
18 44 7 37 22 47 8 11 10
35 61 28 55 17 52 19 8 9
47 84 21 71 29 64 18 21 24
35 60 13 59 16 57 20 20 15
44 71 23 62 21 77 18 23 14
28 45 58 83 62 77
0 9 16 10 9 8
9 0 6 12 10 12
16 6 0 14 12 15
10 12 14 0 6 7
9 10 12 6 0 2
8 12 15 7 2 0
0 39 24 23 22 26 11 21 26
39 0 23 26 19 19 34 17 14
24 23 0 28 22 14 23 15 10
23 26 28 0 14 18 14 13 23
22 19 22 14 0 20 20 10 14
26 19 14 18 20 0 19 10 13
11 34 23 14 20 19 0 16 24
21 17 15 13 10 10 16 0 10
26 14 10 23 14 13 24 10 0
