6 10 250 68 32
8 14 0 8 14 3 11 16 15 10
15 11 1 4 14 17 12 27 11 9
31 24 5 11 21 6 19 35 23 10
15 19 1 4 13 5 12 13 16 15
33 30 7 15 22 18 28 39 45 18
35 44 12 19 32 13 26 28 42 23
36 43 66 39 83 85
0 9 10 5 8 9
9 0 11 9 7 5
10 11 0 10 12 11
5 9 10 0 8 8
8 7 12 8 0 7
9 5 11 8 7 0
0 39 38 21 37 37 40 36 23 38
39 0 22 28 22 23 20 22 28 10
38 22 0 30 8 19 11 20 29 23
21 28 30 0 29 31 31 30 10 27
37 22 8 29 0 19 11 20 29 23
37 23 19 31 19 0 18 10 32 25
40 20 11 31 11 18 0 19 31 21
36 22 20 30 20 10 19 0 31 24
23 28 29 10 29 32 31 31 0 26
38 10 23 27 23 25 21 24 26 0
