6 10 250 20 80
11 6 46 8 27 26 37 61 35 43
79 27 186 25 78 100 98 211 124 111
71 37 167 35 93 103 96 221 104 109
25 15 73 14 39 41 50 91 53 46
22 6 35 6 28 23 31 63 28 31
51 11 88 16 44 60 45 110 53 51
28 99 92 47 25 45
0 6 11 10 9 6
6 0 12 10 9 5
11 12 0 12 13 12
10 10 12 0 15 11
9 9 13 15 0 9
6 5 12 11 9 0
0 28 29 9 21 10 29 33 11 9
28 0 11 27 22 29 36 26 27 28
29 11 0 29 24 30 34 26 28 29
9 27 29 0 21 10 29 33 11 10
21 22 24 21 0 23 39 28 23 22
10 29 30 10 23 0 28 34 10 9
29 36 34 29 39 28 0 39 27 28
33 26 26 33 28 34 39 0 34 33
11 27 28 11 23 10 27 34 0 11
9 28 29 10 22 9 28 33 11 0
