7 6 250 24 76
19 11 24 43 22 30
12 14 13 27 14 19
26 32 29 74 28 35
7 16 16 37 12 21
24 29 37 78 22 30
5 11 15 26 14 14
25 22 25 40 15 22
49 31 67 35 79 27 47
0 9 11 8 13 7 9
9 0 12 4 13 8 13
11 12 0 10 6 11 13
8 4 10 0 11 7 13
13 13 6 11 0 14 16
7 8 11 7 14 0 8
9 13 13 13 16 8 0
0 13 14 16 9 12
13 0 12 11 13 16
14 12 0 14 14 18
16 11 14 0 15 20
9 13 14 15 0 14
12 16 18 20 14 0
