6 8 250 6 94
42 20 19 22 22 26 23 17
38 12 13 20 20 32 23 26
101 42 32 42 39 86 69 50
38 29 13 17 35 36 26 19
69 38 26 22 40 57 49 41
27 19 6 10 24 28 24 22
38 36 101 52 73 35
0 4 9 10 4 9
4 0 9 10 4 11
9 9 0 8 8 14
10 10 8 0 11 12
4 4 8 11 0 11
9 11 14 12 11 0
0 16 12 12 13 12 16 12
16 0 15 16 15 14 8 15
12 15 0 8 8 8 15 8
12 16 8 0 8 9 15 8
13 15 8 8 0 8 15 8
12 14 8 9 8 0 14 8
16 8 15 15 15 14 0 15
12 15 8 8 8 8 15 0
