10 7 250 14 86
47 40 24 19 10 42 31
96 108 91 49 32 105 61
142 171 122 61 55 185 88
57 79 53 32 27 83 39
46 55 53 34 24 65 41
36 36 28 15 8 47 24
76 100 73 40 26 97 58
21 22 15 14 10 21 10
31 35 28 18 9 35 16
113 139 110 70 34 125 62
20 44 67 29 30 16 43 10 16 60
0 18 17 18 3 16 18 4 5 16
18 0 4 3 19 4 4 17 18 5
17 4 0 4 17 3 4 15 16 4
18 3 4 0 18 4 4 17 18 5
3 19 17 18 0 17 18 4 5 17
16 4 3 4 17 0 4 15 16 4
18 4 4 4 18 4 0 17 18 4
4 17 15 17 4 15 17 0 4 15
5 18 16 18 5 16 18 4 0 16
16 5 4 5 17 4 4 15 16 0
0 17 15 14 14 16 9
17 0 18 17 18 10 17
15 18 0 9 9 17 15
14 17 9 0 10 16 15
14 18 9 10 0 17 14
16 10 17 16 17 0 17
9 17 15 15 14 17 0
