10 6 250 71 29
15 2 8 12 41 16
12 10 14 16 48 16
29 11 28 28 61 21
20 5 16 14 53 17
25 3 23 14 69 36
6 5 9 8 29 4
30 14 31 29 69 29
19 6 13 19 42 24
8 1 7 5 24 8
12 5 11 12 34 14
28 32 49 35 47 16 56 31 16 27
0 6 17 5 18 17 19 6 18 7
6 0 17 6 18 18 20 6 19 6
17 17 0 17 12 15 10 17 10 17
5 6 17 0 18 17 19 6 18 7
18 18 12 18 0 16 9 18 8 19
17 18 15 17 16 0 16 18 15 18
19 20 10 19 9 16 0 19 6 20
6 6 17 6 18 18 19 0 18 6
18 19 10 18 8 15 6 18 0 19
7 6 17 7 19 18 20 6 19 0
0 27 15 25 27 18
27 0 22 9 9 28
15 22 0 20 22 16
25 9 20 0 9 27
27 9 22 9 0 29
18 28 16 27 29 0
