8 9 250 56 44
34 28 47 46 21 41 27 35 19
21 13 43 19 16 22 18 27 12
61 52 138 88 41 67 50 74 33
73 58 170 101 34 88 63 85 37
15 6 30 29 7 21 12 18 6
12 17 41 27 7 30 24 23 12
35 22 73 40 16 30 20 42 21
13 5 19 11 9 18 10 15 10
41 27 74 101 19 24 41 16
0 4 11 11 5 11 8 10
4 0 11 10 4 11 8 10
11 11 0 4 11 4 9 7
11 10 4 0 10 5 9 7
5 4 11 10 0 11 8 10
11 11 4 5 11 0 9 7
8 8 9 9 8 9 0 9
10 10 7 7 10 7 9 0
0 18 13 12 16 13 12 16 15
18 0 16 17 13 15 17 13 13
13 16 0 12 14 10 12 14 13
12 17 12 0 14 12 10 14 14
16 13 14 14 0 14 14 10 10
13 15 10 12 14 0 12 14 13
12 17 12 10 14 12 0 14 14
16 13 14 14 10 14 14 0 10
15 13 13 14 10 13 14 10 0
