7 4 250 15 85
81 119 43 65
121 199 90 140
117 153 57 110
101 114 50 92
54 69 32 69
166 217 111 189
95 155 50 91
36 66 51 40 28 82 47
0 11 14 3 17 11 17
11 0 7 12 10 2 10
14 7 0 14 13 7 13
3 12 14 0 18 12 18
17 10 13 18 0 10 2
11 2 7 12 10 0 10
17 10 13 18 2 10 0
0 20 9 13
20 0 19 12
9 19 0 13
13 12 13 0
