9 9 250 4 96
35 21 26 15 81 47 52 16 49
40 37 21 29 122 44 64 31 60
55 47 36 38 163 50 83 46 71
63 59 34 45 173 73 68 39 99
20 18 21 14 65 31 36 15 38
28 34 28 32 77 49 56 29 39
64 55 39 37 179 84 95 41 67
30 25 25 25 71 32 43 18 48
112 80 90 68 290 120 126 78 159
27 31 42 48 18 27 52 24 85
0 14 14 14 15 5 5 15 14
14 0 5 6 6 15 15 5 4
14 5 0 5 6 15 15 5 5
14 6 5 0 7 15 15 6 6
15 6 6 7 0 15 15 5 6
5 15 15 15 15 0 5 15 15
5 15 15 15 15 5 0 15 15
15 5 5 6 5 15 15 0 5
14 4 5 6 6 15 15 5 0
0 20 17 20 24 25 14 24 20
20 0 12 9 13 20 16 14 10
17 12 0 12 16 21 13 16 13
20 9 12 0 13 20 16 14 10
24 13 16 13 0 18 20 10 14
25 20 21 20 18 0 22 18 21
14 16 13 16 20 22 0 20 16
24 14 16 14 10 18 20 0 14
20 10 13 10 14 21 16 14 0
