10 10 250 8 92
14 8 11 15 15 14 9 33 10 22
30 10 21 24 28 23 26 50 18 37
39 9 27 21 34 32 22 54 16 42
13 3 15 17 20 12 15 24 9 21
21 6 16 12 16 14 11 31 6 14
45 10 41 42 37 53 30 68 26 48
15 5 14 17 17 13 14 29 13 17
24 6 11 20 15 12 9 28 14 22
18 5 5 10 10 6 15 22 15 10
30 8 27 32 24 27 27 49 18 34
26 41 46 26 22 69 24 27 17 43
0 10 10 2 2 10 2 10 6 11
10 0 11 10 10 12 10 12 8 2
10 11 0 9 10 2 11 2 6 12
2 10 9 0 2 9 2 10 5 10
2 10 10 2 0 10 2 10 6 10
10 12 2 9 10 0 11 2 6 13
2 10 11 2 2 11 0 11 7 11
10 12 2 10 10 2 11 0 6 13
6 8 6 5 6 6 7 6 0 9
11 2 12 10 10 13 11 13 9 0
0 35 10 23 23 27 35 25 10 11
35 0 35 29 27 21 10 21 36 37
10 35 0 24 23 27 35 25 10 11
23 29 24 0 10 19 29 23 25 25
23 27 23 10 0 18 28 22 24 24
27 21 27 19 18 0 22 15 28 28
35 10 35 29 28 22 0 21 36 37
25 21 25 23 22 15 21 0 26 26
10 36 10 25 24 28 36 26 0 10
11 37 11 25 24 28 37 26 10 0
