9 7 250 89 11
118 48 57 29 33 72 26
127 52 63 39 52 74 33
297 142 119 72 91 195 79
265 112 113 69 74 185 65
77 37 33 23 20 50 18
98 41 35 25 30 57 12
131 73 72 27 38 70 36
85 32 34 16 16 38 20
181 63 70 45 55 134 47
30 31 70 66 22 23 31 17 46
0 9 9 16 11 10 13 9 13
9 0 10 15 6 5 9 10 9
9 10 0 19 12 11 14 5 14
16 15 19 0 13 14 11 18 10
11 6 12 13 0 5 7 12 7
10 5 11 14 5 0 8 11 9
13 9 14 11 7 8 0 14 5
9 10 5 18 12 11 14 0 14
13 9 14 10 7 9 5 14 0
0 19 29 27 18 29 16
19 0 26 24 19 18 23
29 26 0 7 15 37 22
27 24 7 0 15 37 22
18 19 15 15 0 29 11
29 18 37 37 29 0 30
16 23 22 22 11 30 0
