9 9 250 25 75
38 11 24 21 22 69 21 43 23
58 15 20 25 23 77 21 46 15
87 23 29 71 59 156 47 90 37
62 20 27 35 32 82 31 66 17
85 30 46 82 72 177 68 130 45
64 21 25 46 39 79 43 72 27
126 57 76 74 72 223 69 147 70
70 20 32 34 33 100 38 87 27
49 13 23 29 42 102 33 54 24
22 24 50 29 51 35 69 31 27
0 4 3 12 4 11 11 11 11
4 0 4 12 4 12 11 12 12
3 4 0 11 3 11 11 11 11
12 12 11 0 11 3 4 3 4
4 4 3 11 0 11 11 11 11
11 12 11 3 11 0 3 3 4
11 11 11 4 11 3 0 3 4
11 12 11 3 11 3 3 0 4
11 12 11 4 11 4 4 4 0
0 22 39 12 37 40 37 15 22
22 0 33 21 32 34 31 18 10
39 33 0 38 14 13 12 35 33
12 21 38 0 37 39 37 14 21
37 32 14 37 0 13 13 33 32
40 34 13 39 13 0 13 36 34
37 31 12 37 13 13 0 33 31
15 18 35 14 33 36 33 0 18
22 10 33 21 32 34 31 18 0
