6 5 250 41 59
33 20 10 30 14
47 32 18 37 29
61 43 27 78 39
57 46 44 66 38
54 50 29 53 38
30 19 15 28 24
35 52 82 73 66 38
0 12 13 6 10 6
12 0 12 14 17 13
13 12 0 14 17 14
6 14 14 0 9 5
10 17 17 9 0 9
6 13 14 5 9 0
0 15 17 12 13
15 0 8 10 10
17 8 0 11 11
12 10 11 0 6
13 10 11 6 0
