5 6 250 4 96
47 67 84 101 49 71
58 92 105 101 59 96
149 251 281 250 120 189
72 138 188 200 79 134
43 84 89 71 34 68
43 50 129 75 36
0 12 18 16 8
12 0 12 11 8
18 12 0 4 15
16 11 4 0 14
8 8 15 14 0
0 34 19 34 34 34
34 0 25 10 10 11
19 25 0 26 26 26
34 10 26 0 10 10
34 10 26 10 0 11
34 11 26 10 11 0
