8 8 250 52 48
32 104 29 28 93 78 43 30
19 85 30 18 68 62 23 22
41 126 42 25 122 96 46 45
39 111 49 21 108 83 49 47
58 214 74 44 193 138 72 71
29 104 44 35 110 84 38 31
31 115 40 24 110 68 45 59
66 182 66 48 173 133 68 64
33 27 45 35 61 36 41 62
0 8 4 15 8 12 16 15
8 0 8 11 4 11 13 12
4 8 0 15 8 12 16 15
15 11 15 0 11 14 5 5
8 4 8 11 0 10 13 12
12 11 12 14 10 0 15 14
16 13 16 5 13 15 0 4
15 12 15 5 12 14 4 0
0 13 18 8 18 20 7 11
13 0 19 9 20 16 17 17
18 19 0 16 8 31 19 12
8 9 16 0 16 19 12 12
18 20 8 16 0 32 19 10
20 16 31 19 32 0 24 27
7 17 19 12 19 24 0 11
11 17 12 12 10 27 11 0
