7 6 250 7 93
24 62 17 40 219 16
9 36 12 17 108 9
51 99 34 43 336 27
57 159 54 63 431 45
4 15 3 15 55 3
18 24 11 14 90 10
36 91 29 56 311 32
48 26 72 106 11 20 61
0 11 8 15 3 14 7
11 0 6 12 11 12 7
8 6 0 15 8 14 4
15 12 15 0 16 3 15
3 11 8 16 0 15 7
14 12 14 3 15 0 15
7 7 4 15 7 15 0
0 28 27 28 35 29
28 0 22 15 33 26
27 22 0 33 14 14
28 15 33 0 39 28
35 33 14 39 0 8
29 26 14 28 8 0
