7 7 250 15 85
30 5 50 16 26 46 21
11 8 37 9 17 33 9
55 12 91 28 53 127 46
18 8 32 9 17 36 13
69 26 135 45 78 159 44
22 5 30 9 21 44 11
8 2 25 6 4 22 8
37 25 80 29 118 32 16
0 14 11 10 3 3 4
14 0 7 8 15 14 13
11 7 0 3 12 10 10
10 8 3 0 10 9 9
3 15 12 10 0 4 4
3 14 10 9 4 0 3
4 13 10 9 4 3 0
0 19 28 19 6 26 27
19 0 16 6 20 15 18
28 16 0 17 29 7 27
19 6 17 0 20 16 18
6 20 29 20 0 27 27
26 15 7 16 27 0 27
27 18 27 18 27 27 0
