6 6 250 17 83
61 200 48 105 144 59
30 104 21 57 70 35
160 549 112 254 411 154
35 118 29 44 72 36
96 409 85 157 265 121
64 253 76 100 211 75
41 24 113 26 71 50
0 8 2 5 5 5
8 0 8 11 12 11
2 8 0 4 4 6
5 11 4 0 2 5
5 12 4 2 0 5
5 11 6 5 5 0
0 35 28 15 8 15
35 0 27 35 36 34
28 27 0 31 30 31
15 35 31 0 14 7
8 36 30 14 0 14
15 34 31 7 14 0
