10 10 250 21 79
34 82 17 38 42 13 61 22 46 29
56 120 41 53 54 25 92 45 78 40
62 144 51 62 79 16 121 47 84 52
39 78 24 37 29 8 48 22 45 29
43 73 33 41 35 17 59 19 41 28
20 45 18 22 27 10 37 11 28 16
30 87 28 35 35 16 60 25 52 25
34 49 20 26 20 9 67 21 34 26
79 160 62 68 74 20 130 63 100 47
20 52 30 22 35 10 40 12 43 22
27 46 54 26 33 19 32 26 60 24
0 13 11 15 15 13 3 3 11 9
13 0 11 5 5 3 13 13 11 8
11 11 0 13 14 10 12 12 3 7
15 5 13 0 3 5 15 15 14 10
15 5 14 3 0 6 15 15 14 10
13 3 10 5 6 0 13 13 11 7
3 13 12 15 15 13 0 3 12 9
3 13 12 15 15 13 3 0 12 9
11 11 3 14 14 11 12 12 0 8
9 8 7 10 10 7 9 9 8 0
0 23 26 39 15 10 26 14 31 27
23 0 21 29 18 19 23 13 17 27
26 21 0 19 29 25 9 21 23 15
39 29 19 0 40 36 17 32 31 19
15 18 29 40 0 13 30 11 25 32
10 19 25 36 13 0 24 12 30 25
26 23 9 17 30 24 0 22 28 9
14 13 21 32 11 12 22 0 21 25
31 17 23 31 25 30 28 21 0 33
27 27 15 19 32 25 9 25 33 0
