6 10 250 14 86
54 22 49 15 20 67 33 43 16 87
51 16 39 12 19 56 34 42 11 89
181 54 132 60 71 211 92 114 70 286
66 28 53 18 27 72 51 52 19 125
37 12 35 19 15 44 15 30 11 62
29 11 27 7 17 27 17 19 6 49
43 44 131 62 32 25
0 12 9 8 4 10
12 0 8 12 10 18
9 8 0 6 6 17
8 12 6 0 6 15
4 10 6 6 0 13
10 18 17 15 13 0
0 15 8 21 24 17 14 14 9 25
15 0 14 17 16 15 8 8 16 16
8 14 0 19 22 16 13 13 10 23
21 17 19 0 17 22 18 17 21 18
24 16 22 17 0 20 17 17 24 8
17 15 16 22 20 0 15 13 16 21
14 8 13 18 17 15 0 9 15 17
14 8 13 17 17 13 9 0 14 17
9 16 10 21 24 16 15 14 0 25
25 16 23 18 8 21 17 17 25 0
