8 5 250 23 77
36 45 136 55 54
39 54 142 63 53
45 50 176 69 61
23 37 103 41 50
42 55 168 75 82
148 177 552 252 227
39 52 132 59 54
23 27 87 45 33
33 33 41 25 41 124 29 22
0 12 6 14 19 11 6 5
12 0 12 10 12 13 11 12
6 12 0 13 18 10 6 6
14 10 13 0 12 16 13 13
19 12 18 12 0 17 18 18
11 13 10 16 17 0 10 11
6 11 6 13 18 10 0 6
5 12 6 13 18 11 6 0
0 17 17 17 16
17 0 8 9 9
17 8 0 8 9
17 9 8 0 9
16 9 9 9 0
