6 8 250 9 91
112 34 26 35 38 76 57 54
101 22 27 24 43 67 51 62
360 84 102 95 136 214 158 167
83 20 23 19 35 70 56 49
139 33 25 38 50 105 63 55
41 5 11 13 14 27 22 27
51 44 154 42 54 16
0 2 10 7 10 6
2 0 11 7 10 7
10 11 0 8 2 8
7 7 8 0 8 2
10 10 2 8 0 8
6 7 8 2 8 0
0 23 32 27 10 11 23 32
23 0 40 22 23 23 14 30
32 40 0 31 33 34 37 28
27 22 31 0 28 28 18 17
10 23 33 28 0 11 24 32
11 23 34 28 11 0 24 33
23 14 37 18 24 24 0 25
32 30 28 17 32 33 25 0
