9 7 250 24 76
21 41 33 39 18 11 25
22 38 34 42 36 17 30
67 97 82 122 70 43 56
45 84 79 94 61 32 56
20 62 48 57 32 15 32
29 56 40 56 47 25 38
35 72 42 67 52 24 43
33 66 53 90 56 26 41
84 174 118 206 103 85 107
17 22 46 44 28 26 29 38 83
0 10 7 16 8 11 3 10 12
10 0 12 20 11 9 9 7 18
7 12 0 14 6 12 6 9 8
16 20 14 0 10 13 14 18 11
8 11 6 10 0 8 6 10 9
11 9 12 13 8 0 10 10 16
3 9 6 14 6 10 0 9 11
10 7 9 18 10 10 9 0 15
12 18 8 11 9 16 11 15 0
0 38 35 32 38 11 39
38 0 11 13 10 35 9
35 11 0 10 12 32 12
32 13 10 0 13 30 14
38 10 12 13 0 36 10
11 35 32 30 36 0 36
39 9 12 14 10 36 0
