7 10 250 15 85
16 19 19 10 20 25 16 12 31 48
13 20 15 14 11 14 22 12 20 33
50 33 36 34 42 50 49 23 69 96
18 27 22 15 25 32 39 17 29 47
51 49 57 29 44 52 49 19 59 101
20 37 23 21 24 23 28 13 29 44
20 25 21 11 14 21 11 14 25 31
38 27 86 47 83 38 29
0 11 18 10 17 16 15
11 0 15 8 10 7 8
18 15 0 18 10 10 8
10 8 18 0 16 12 13
17 10 10 16 0 5 5
16 7 10 12 5 0 3
15 8 8 13 5 3 0
0 25 15 22 16 7 11 16 28 13
25 0 18 14 17 24 21 15 15 17
15 18 0 14 6 13 14 10 17 8
22 14 14 0 14 20 18 15 13 13
16 17 6 14 0 14 14 8 17 9
7 24 13 20 14 0 10 15 26 11
11 21 14 18 14 10 0 14 25 10
16 15 10 15 8 15 14 0 18 10
28 15 17 13 17 26 25 18 0 19
13 17 8 13 9 11 10 10 19 0
