7 5 250 22 78
48 40 36 17 14
84 60 48 40 23
93 60 68 53 22
56 40 29 35 20
57 34 29 27 18
133 100 85 78 38
149 76 95 78 46
28 47 47 35 28 80 83
0 19 19 19 17 4 6
19 0 6 6 5 19 17
19 6 0 4 4 18 16
19 6 4 0 3 18 17
17 5 4 3 0 17 15
4 19 18 18 17 0 4
6 17 16 17 15 4 0
0 11 25 22 26
11 0 24 22 25
25 24 0 15 10
22 22 15 0 16
26 25 10 16 0
