5 9 250 35 65
30 161 29 83 35 66 32 41 107
17 93 21 53 29 45 16 28 75
39 300 39 144 72 107 64 53 176
121 544 82 302 115 221 124 107 346
43 188 33 124 52 78 41 39 139
44 25 66 151 57
0 4 4 4 14
4 0 3 5 13
4 3 0 4 14
4 5 4 0 14
14 13 14 14 0
0 16 17 23 7 24 6 8 26
16 0 7 23 17 31 15 19 33
17 7 0 25 18 33 17 19 35
23 23 25 0 26 22 24 26 24
7 17 18 26 0 25 7 8 27
24 31 33 22 25 0 24 25 7
6 15 17 24 7 24 0 9 26
8 19 19 26 8 25 9 0 27
26 33 35 24 27 7 26 27 0
