6 5 250 16 84
39 67 67 80 21
86 171 236 237 82
122 234 272 277 112
129 297 365 374 114
72 136 163 173 67
44 114 113 133 69
22 68 69 92 43 34
0 8 18 3 9 18
8 0 13 9 2 13
18 13 0 19 13 3
3 9 19 0 9 19
9 2 13 9 0 13
18 13 3 19 13 0
0 9 15 19 15
9 0 14 19 14
15 14 0 12 9
19 19 12 0 12
15 14 9 12 0
