10 8 250 88 12
78 50 55 26 20 27 30 30
113 83 63 40 23 45 58 55
102 83 65 37 26 52 40 38
108 62 75 28 12 56 59 36
60 41 48 25 7 24 30 18
101 68 82 45 18 65 55 47
113 94 99 64 16 75 62 45
212 139 151 84 29 118 110 88
101 63 81 49 9 73 49 35
63 62 44 21 3 40 40 22
26 37 33 29 18 35 45 67 34 20
0 4 6 3 11 12 9 9 8 5
4 0 8 6 12 14 11 11 10 7
6 8 0 4 11 7 6 6 4 5
3 6 4 0 10 10 8 8 6 3
11 12 11 10 0 12 11 15 12 10
12 14 7 10 12 0 8 8 6 10
9 11 6 8 11 8 0 6 7 9
9 11 6 8 15 8 6 0 5 9
8 10 4 6 12 6 7 5 0 6
5 7 5 3 10 10 9 9 6 0
0 21 18 10 25 12 14 16
21 0 8 20 34 24 13 13
18 8 0 17 32 21 10 12
10 20 17 0 23 10 13 17
25 34 32 23 0 21 27 33
12 24 21 10 21 0 17 21
14 13 10 13 27 17 0 12
16 13 12 17 33 21 12 0
