7 4 250 27 73
75 51 55 21
141 153 91 59
106 126 74 40
81 89 51 34
73 87 51 25
30 31 25 12
75 91 58 35
40 90 67 43 45 19 50
0 13 5 11 5 13 5
13 0 13 11 13 4 14
5 13 0 11 4 13 6
11 11 11 0 11 11 12
5 13 4 11 0 13 6
13 4 13 11 13 0 14
5 14 6 12 6 14 0
0 18 7 6
18 0 17 18
7 17 0 6
6 18 6 0
