7 7 250 4 96
39 10 72 45 42 63 38
79 18 121 63 58 114 83
109 36 179 121 80 177 116
30 8 52 29 27 49 27
266 99 399 225 207 400 273
91 30 100 73 74 108 88
73 26 88 62 56 112 66
24 37 55 17 144 44 35
0 8 6 7 6 7 7
8 0 7 10 6 10 6
6 7 0 5 8 9 6
7 10 5 0 10 9 9
6 6 8 10 0 10 5
7 10 9 9 10 0 11
7 6 6 9 5 11 0
0 32 31 6 36 8 29
32 0 9 30 32 30 9
31 9 0 29 28 29 6
6 30 29 0 36 7 27
36 32 28 36 0 34 29
8 30 29 7 34 0 27
29 9 6 27 29 27 0
