10 7 250 79 21
18 7 37 18 13 24 14
22 11 44 37 15 39 38
39 9 101 47 21 75 80
10 7 17 10 11 19 15
9 1 26 11 10 15 16
25 4 59 42 18 46 46
8 5 30 11 9 13 15
13 10 35 22 12 30 26
25 13 90 22 20 36 39
21 4 53 40 21 35 43
25 41 63 15 18 48 18 26 49 39
0 11 11 9 2 12 9 11 12 9
11 0 6 9 10 4 9 6 5 10
11 6 0 12 10 8 12 2 8 12
9 9 12 0 9 8 2 13 8 2
2 10 10 9 0 11 9 11 12 9
12 4 8 8 11 0 7 8 2 8
9 9 12 2 9 7 0 12 8 3
11 6 2 13 11 8 12 0 8 13
12 5 8 8 12 2 8 8 0 9
9 10 12 2 9 8 3 13 9 0
0 9 22 19 33 20 22
9 0 22 19 33 19 22
22 22 0 17 24 17 9
19 19 17 0 29 9 16
33 33 24 29 0 30 24
20 19 17 9 30 0 16
22 22 9 16 24 16 0
