9 7 250 24 76
35 34 22 47 26 31 13
62 55 51 70 42 30 19
95 117 65 168 60 62 43
79 79 55 107 40 41 26
73 64 32 80 24 35 17
59 64 27 79 49 33 16
55 47 27 51 27 36 12
54 47 33 60 42 30 15
12 9 15 22 9 10 5
22 40 78 56 35 35 30 31 11
0 9 4 3 5 6 5 5 7
9 0 5 6 4 9 10 6 7
4 5 0 2 2 6 7 3 5
3 6 2 0 3 7 5 5 7
5 4 2 3 0 8 7 3 5
6 9 6 7 8 0 10 9 10
5 10 7 5 7 10 0 9 11
5 6 3 5 3 9 9 0 2
7 7 5 7 5 10 11 2 0
0 22 26 11 11 10 25
22 0 18 22 22 22 16
26 18 0 27 26 26 23
11 22 27 0 12 11 25
11 22 26 12 0 11 25
10 22 26 11 11 0 25
25 16 23 25 25 25 0
