8 9 250 89 11
5 16 5 5 16 3 6 10 11
11 22 18 14 25 15 18 20 26
14 32 12 15 14 12 18 22 18
39 122 69 52 76 39 69 88 72
40 103 60 36 68 39 48 67 68
7 26 14 16 19 12 10 10 21
7 9 8 7 6 4 12 8 4
15 50 18 16 32 23 30 37 35
14 26 26 97 90 21 13 40
0 7 9 19 8 13 6 6
7 0 8 13 5 9 4 5
9 8 0 15 8 12 6 11
19 13 15 0 14 11 15 16
8 5 8 14 0 12 6 7
13 9 12 11 12 0 10 11
6 4 6 15 6 10 0 6
6 5 11 16 7 11 6 0
0 18 17 17 15 16 17 18 18
18 0 20 19 20 16 20 10 10
17 20 0 11 19 14 20 20 19
17 19 11 0 18 13 21 19 19
15 20 19 18 0 19 23 20 20
16 16 14 13 19 0 19 16 15
17 20 20 21 23 19 0 20 19
18 10 20 19 20 16 20 0 11
18 10 19 19 20 15 19 11 0
