7 7 250 6 94
33 23 41 46 41 36 45
66 50 66 62 112 46 101
52 42 40 48 69 45 62
27 31 31 44 68 39 51
68 59 72 83 119 70 98
48 51 56 62 97 60 85
22 25 28 34 39 30 37
34 61 42 37 78 60 30
0 8 8 2 11 12 9
8 0 2 8 7 11 9
8 2 0 8 7 11 9
2 8 8 0 11 12 10
11 7 7 11 0 9 9
12 11 11 12 9 0 5
9 9 9 10 9 5 0
0 11 10 21 12 11 23
11 0 12 24 16 12 27
10 12 0 18 11 9 21
21 24 18 0 16 19 13
12 16 11 16 0 13 17
11 12 9 19 13 0 23
23 27 21 13 17 23 0
