5 8 250 11 89
24 78 79 53 27 39 49 23
111 179 228 139 96 115 132 59
100 175 256 156 98 127 127 71
32 58 73 43 31 48 60 21
29 52 66 58 33 34 48 18
43 122 111 36 34
0 9 15 16 9
9 0 15 16 4
15 15 0 5 15
16 16 5 0 16
9 4 15 16 0
0 20 19 18 20 19 18 19
20 0 30 29 8 29 10 30
19 30 0 7 29 8 29 8
18 29 7 0 29 8 28 8
20 8 29 29 0 29 9 30
19 29 8 8 29 0 28 9
18 10 29 28 9 28 0 29
19 30 8 8 30 9 29 0
