7 7 250 27 73
29 45 28 18 78 28 55
49 96 53 22 147 53 82
54 98 65 33 139 53 88
47 82 45 26 105 38 80
39 22 28 14 72 13 25
74 102 78 62 217 53 96
38 83 70 29 157 53 96
33 52 51 50 24 69 53
0 12 5 5 12 5 5
12 0 12 12 5 12 12
5 12 0 5 12 5 5
5 12 5 0 11 5 5
12 5 12 11 0 12 12
5 12 5 5 12 0 5
5 12 5 5 12 5 0
0 15 8 13 15 9 15
15 0 15 10 7 12 8
8 15 0 13 16 10 15
13 10 13 0 10 11 10
15 7 16 10 0 13 8
9 12 10 11 13 0 12
15 8 15 10 8 12 0
