8 6 250 21 79
23 22 32 24 39 32
26 12 23 34 51 41
61 32 59 88 76 69
19 16 35 35 38 33
78 41 89 99 118 102
26 12 23 33 32 27
50 29 54 67 57 54
55 26 51 58 68 52
30 28 59 28 88 22 49 53
0 5 5 7 8 4 9 7
5 0 4 7 9 5 10 7
5 4 0 8 9 5 11 8
7 7 8 0 6 7 8 4
8 9 9 6 0 8 8 6
4 5 5 7 8 0 9 6
9 10 11 8 8 9 0 8
7 7 8 4 6 6 8 0
0 21 14 19 27 12
21 0 27 14 33 19
14 27 0 28 17 22
19 14 28 0 28 6
27 33 17 28 0 24
12 19 22 6 24 0
