10 8 250 29 71
5 7 7 9 8 2 5 9
12 10 17 11 13 1 14 17
11 8 21 11 16 3 21 26
15 24 24 13 25 5 26 18
10 9 19 7 19 2 23 19
6 19 23 13 33 2 27 21
18 16 22 18 20 6 26 18
26 23 21 26 30 7 33 29
18 23 27 20 39 3 28 20
32 28 28 20 44 9 35 33
12 23 26 38 24 32 36 50 45 55
0 14 12 3 14 12 12 11 8 4
14 0 6 13 3 7 6 6 13 14
12 6 0 11 6 4 4 5 9 11
3 13 11 0 14 12 11 11 8 4
14 3 6 14 0 7 6 6 13 14
12 7 4 12 7 0 4 5 9 12
12 6 4 11 6 4 0 4 9 12
11 6 5 11 6 5 4 0 10 11
8 13 9 8 13 9 9 10 0 8
4 14 11 4 14 12 12 11 8 0
0 9 9 9 19 19 9 8
9 0 9 8 18 18 8 9
9 9 0 8 18 18 8 8
9 8 8 0 18 18 8 8
19 18 18 18 0 8 18 18
19 18 18 18 8 0 18 18
9 8 8 8 18 18 0 9
8 9 8 8 18 18 9 0
