10 7 250 2 98
50 14 38 11 31 33 20
67 38 62 30 36 48 63
80 37 64 39 39 71 46
79 39 79 35 41 54 58
49 15 39 16 40 37 35
40 21 41 16 34 35 32
27 5 23 6 14 20 16
65 16 40 24 30 41 39
46 11 41 12 19 17 30
45 14 30 7 22 28 22
25 53 56 57 34 31 16 32 22 25
0 4 5 14 10 5 5 11 11 13
4 0 4 15 11 4 5 12 11 14
5 4 0 16 11 4 5 12 11 14
14 15 16 0 11 16 15 12 12 5
10 11 11 11 0 12 11 5 5 10
5 4 4 16 12 0 5 13 12 14
5 5 5 15 11 5 0 12 12 13
11 12 12 12 5 13 12 0 5 11
11 11 11 12 5 12 12 5 0 11
13 14 14 5 10 14 13 11 11 0
0 28 22 11 28 26 28
28 0 28 30 10 12 37
22 28 0 20 27 24 23
11 30 20 0 30 27 26
28 10 27 30 0 11 36
26 12 24 27 11 0 34
28 37 23 26 36 34 0
