8 4 250 78 22
39 59 7 39
133 253 46 133
144 220 39 139
113 201 36 126
69 84 19 54
108 195 35 97
45 69 11 48
15 34 4 18
20 72 77 59 27 62 22 9
0 13 10 13 10 14 9 10
13 0 16 5 16 13 13 17
10 16 0 15 16 13 9 6
13 5 15 0 16 13 13 16
10 16 16 16 0 17 13 15
14 13 13 13 17 0 10 15
9 13 9 13 13 10 0 10
10 17 6 16 15 15 10 0
0 11 11 29
11 0 10 29
11 10 0 29
29 29 29 0
