4 10 250 73 27
15 9 35 27 40 22 25 12 8 10
28 16 39 54 58 42 60 28 19 20
29 26 47 57 89 28 45 27 14 23
39 29 71 54 108 50 83 25 27 38
43 88 83 108
0 17 16 17
17 0 5 4
16 5 0 4
17 4 4 0
0 11 20 12 20 22 27 18 28 24
11 0 21 11 21 22 26 18 27 25
20 21 0 20 10 17 30 18 27 15
12 11 20 0 20 20 25 17 26 24
20 21 10 20 0 18 30 18 28 15
22 22 17 20 18 0 24 15 19 16
27 26 30 25 30 24 0 22 20 30
18 18 18 17 18 15 22 0 21 19
28 27 27 26 28 19 20 21 0 26
24 25 15 24 15 16 30 19 26 0
