9 5 250 9 91
37 10 12 11 15
24 9 5 5 5
76 41 42 42 33
19 10 4 3 9
41 17 20 15 24
84 30 32 28 50
8 5 9 3 2
60 35 35 17 41
31 10 14 2 15
28 15 76 15 36 76 9 59 25
0 12 15 9 6 11 13 11 19
12 0 17 10 11 13 14 5 7
15 17 0 16 17 7 2 15 20
9 10 16 0 15 17 15 15 20
6 11 17 15 0 10 15 7 15
11 13 7 17 10 0 5 9 15
13 14 2 15 15 5 0 11 16
11 5 15 15 7 9 11 0 6
19 7 20 20 15 15 16 6 0
0 13 7 6 8
13 0 13 16 16
7 13 0 11 12
6 16 11 0 6
8 16 12 6 0
