5 10 250 22 78
19 18 76 75 40 82 43 56 31 66
25 20 80 53 41 88 40 54 36 66
75 60 197 205 138 293 112 136 73 202
77 53 196 218 111 269 110 148 75 250
17 13 46 48 31 70 22 40 17 57
43 38 113 112 31
0 17 4 4 17
17 0 17 17 4
4 17 0 4 17
4 17 4 0 17
17 4 17 17 0
0 12 13 10 24 19 13 20 16 10
12 0 12 12 22 22 13 23 15 11
13 12 0 12 23 22 10 22 11 13
10 12 12 0 23 19 13 20 15 10
24 22 23 23 0 29 23 30 24 23
19 22 22 19 29 0 21 9 23 20
13 13 10 13 23 21 0 21 11 14
20 23 22 20 30 9 21 0 23 21
16 15 11 15 24 23 11 23 0 16
10 11 13 10 23 20 14 21 16 0
