7 9 250 17 83
24 28 34 26 52 45 59 24 40
46 60 67 62 149 96 138 62 69
44 55 58 47 114 84 95 40 53
29 59 69 53 106 76 106 42 46
32 68 58 53 118 69 98 30 74
20 27 34 32 74 46 62 27 36
18 31 37 25 54 40 51 26 33
34 65 57 62 56 36 31
0 10 14 12 8 10 10
10 0 11 14 11 4 3
14 11 0 20 13 10 10
12 14 20 0 11 14 14
8 11 13 11 0 11 10
10 4 10 14 11 0 3
10 3 10 14 10 3 0
0 27 18 19 17 10 17 11 11
27 0 31 36 33 28 34 23 28
18 31 0 12 8 19 9 15 20
19 36 12 0 8 21 8 20 22
17 33 8 8 0 19 6 17 20
10 28 19 21 19 0 19 11 6
17 34 9 8 6 19 0 17 20
11 23 15 20 17 11 17 0 12
11 28 20 22 20 6 20 12 0
