4 7 250 10 90
29 31 18 26 16 27 24
50 23 22 41 22 40 25
235 154 96 201 98 228 149
44 32 19 52 28 48 42
30 46 239 51
0 9 13 9
9 0 5 6
13 5 0 11
9 6 11 0
0 8 22 8 19 19 27
8 0 21 7 18 18 27
22 21 0 22 13 12 13
8 7 22 0 19 19 28
19 18 13 19 0 6 15
19 18 12 19 6 0 15
27 27 13 28 15 15 0
