7 7 250 10 90
49 99 139 51 28 71 135
53 98 143 66 33 77 141
177 306 385 223 60 204 341
51 120 153 76 44 82 144
36 61 101 39 14 44 87
29 44 65 35 16 41 47
46 98 94 54 20 54 102
39 44 131 44 31 22 31
0 5 6 8 6 10 6
5 0 8 11 8 14 8
6 8 0 9 5 9 2
8 11 9 0 12 9 9
6 8 5 12 0 10 5
10 14 9 9 10 0 10
6 8 2 9 5 10 0
0 21 21 25 6 21 18
21 0 19 13 21 18 8
21 19 0 16 21 6 18
25 13 16 0 25 15 14
6 21 21 25 0 21 18
21 18 6 15 21 0 17
18 8 18 14 18 17 0
