4 6 250 10 90
82 116 152 78 208 46
142 226 255 142 364 95
182 253 274 189 474 107
69 111 130 89 195 50
57 105 138 57
0 3 13 3
3 0 13 3
13 13 0 13
3 3 13 0
0 10 24 7 7 17
10 0 33 21 15 18
24 33 0 35 17 34
7 21 35 0 21 17
7 15 17 21 0 28
17 18 34 17 28 0
