7 8 250 39 61
8 40 6 7 24 37 8 32
48 105 29 16 86 114 33 87
41 103 24 29 72 114 40 73
22 66 12 9 52 62 19 47
23 51 12 10 60 69 24 41
73 201 41 53 152 220 82 144
34 90 14 12 56 118 39 69
16 55 56 34 29 108 50
0 13 13 3 14 12 3
13 0 2 13 2 2 12
13 2 0 12 3 3 12
3 13 12 0 14 12 2
14 2 3 14 0 3 13
12 2 3 12 3 0 12
3 12 12 2 13 12 0
0 8 7 6 12 20 7 15
8 0 8 6 11 19 7 17
7 8 0 7 11 20 8 17
6 6 7 0 12 20 6 16
12 11 11 12 0 17 13 22
20 19 20 20 17 0 20 25
7 7 8 6 13 20 0 15
15 17 17 16 22 25 15 0
