9 10 250 11 89
5 12 33 26 15 33 19 20 11 11
10 36 49 37 30 61 20 30 23 22
8 14 35 42 23 41 23 22 13 20
23 29 50 37 19 62 27 34 31 30
9 24 41 38 20 42 26 18 19 29
31 62 89 99 65 109 62 61 42 63
10 14 16 27 8 23 10 10 13 13
10 36 34 27 22 38 17 18 15 27
10 21 27 26 19 27 17 14 13 19
25 44 30 49 37 89 18 34 27
0 16 10 10 13 15 10 11 12
16 0 10 10 11 8 14 10 10
10 10 0 7 10 10 10 7 7
10 10 7 0 8 9 8 5 10
13 11 10 8 0 8 9 8 13
15 8 10 9 8 0 12 9 12
10 14 10 8 9 12 0 9 13
11 10 7 5 8 9 9 0 10
12 10 7 10 13 12 13 10 0
0 27 9 29 28 27 9 20 28 22
27 0 27 16 16 10 27 27 15 25
9 27 0 30 29 27 9 20 29 23
29 16 30 0 10 15 30 30 10 22
28 16 29 10 0 15 29 28 9 22
27 10 27 15 15 0 27 27 14 23
9 27 9 30 29 27 0 19 28 23
20 27 20 30 28 27 19 0 28 29
28 15 29 10 9 14 28 28 0 22
22 25 23 22 22 23 23 29 22 0
