6 10 250 25 75
46 78 69 54 53 64 36 51 49 90
34 36 43 32 31 38 25 38 35 38
66 97 93 72 99 89 67 96 86 76
54 91 99 86 77 117 52 71 93 91
49 69 74 53 74 97 41 70 68 72
93 116 149 109 125 155 68 135 112 123
42 26 62 57 51 82
0 7 11 3 11 6
7 0 7 7 7 7
11 7 0 11 3 9
3 7 11 0 11 7
11 7 3 11 0 8
6 7 9 7 8 0
0 22 21 7 6 16 7 7 15 6
22 0 7 21 21 13 21 21 13 22
21 7 0 20 20 12 20 20 13 21
7 21 20 0 6 15 7 6 15 7
6 21 20 6 0 15 7 6 15 7
16 13 12 15 15 0 15 15 6 16
7 21 20 7 7 15 0 7 15 7
7 21 20 6 6 15 7 0 15 7
15 13 13 15 15 6 15 15 0 16
6 22 21 7 7 16 7 7 16 0
