9 9 250 10 90
32 9 22 31 11 37 40 30 23
50 12 29 55 19 70 51 35 26
115 23 69 104 29 117 115 68 53
71 16 40 56 30 66 59 37 33
50 10 27 38 10 39 41 27 29
25 7 19 23 11 28 29 14 8
87 23 60 80 32 87 67 54 37
44 11 33 52 16 51 50 32 31
183 38 113 144 66 181 185 95 97
21 32 57 31 22 15 47 30 86
0 14 13 15 15 13 5 5 14
14 0 6 17 17 6 14 14 6
13 6 0 16 16 5 13 13 6
15 17 16 0 5 15 16 16 16
15 17 16 5 0 15 16 16 16
13 6 5 15 15 0 14 14 6
5 14 13 16 16 14 0 5 14
5 14 13 16 16 14 5 0 14
14 6 6 16 16 6 14 14 0
0 18 9 32 8 16 22 16 8
18 0 17 23 19 13 26 13 17
9 17 0 31 9 14 23 14 9
32 23 31 0 31 29 28 29 31
8 19 9 31 0 16 21 16 9
16 13 14 29 16 0 28 7 15
22 26 23 28 21 28 0 28 22
16 13 14 29 16 7 28 0 15
8 17 9 31 9 15 22 15 0
