5 8 250 7 93
62 53 25 54 20 22 93 24
307 197 99 245 50 121 435 151
186 127 78 168 52 66 307 93
130 102 47 123 37 49 201 92
134 118 54 121 26 54 247 67
25 129 77 63 57
0 4 8 6 15
4 0 6 4 17
8 6 0 4 20
6 4 4 0 18
15 17 20 18 0
0 23 21 22 22 20 22 20
23 0 10 10 9 14 9 13
21 10 0 9 9 13 9 13
22 10 9 0 9 13 9 13
22 9 9 9 0 14 9 13
20 14 13 13 14 0 13 9
22 9 9 9 9 13 0 13
20 13 13 13 13 9 13 0
