10 10 250 14 86
20 18 15 86 24 40 44 60 23 55
11 8 11 32 12 17 16 48 9 28
39 36 25 173 54 60 91 137 41 90
20 18 6 76 25 26 40 73 18 30
37 26 12 102 41 63 60 74 29 59
10 11 13 33 16 18 17 35 7 33
10 13 8 31 13 22 11 26 15 23
31 25 22 121 35 48 67 118 36 70
18 15 12 72 21 24 30 59 14 37
14 8 10 50 16 18 14 37 16 20
34 17 74 35 46 19 17 51 31 18
0 4 10 10 11 4 4 8 9 9
4 0 10 10 11 4 4 7 9 9
10 10 0 6 5 10 10 7 6 6
10 10 6 0 6 10 10 6 5 5
11 11 5 6 0 11 11 7 6 6
4 4 10 10 11 0 4 8 9 9
4 4 10 10 11 4 0 7 9 9
8 7 7 6 7 8 7 0 5 5
9 9 6 5 6 9 9 5 0 4
9 9 6 5 6 9 9 5 4 0
0 12 13 11 12 11 12 14 14 13
12 0 11 13 10 9 7 19 11 7
13 11 0 10 9 10 10 17 6 10
11 13 10 0 12 10 12 13 11 13
12 10 9 12 0 10 9 16 9 10
11 9 10 10 10 0 9 17 10 9
12 7 10 12 9 9 0 18 10 7
14 19 17 13 16 17 18 0 17 19
14 11 6 11 9 10 10 17 0 10
13 7 10 13 10 9 7 19 10 0
