7 6 250 11 89
19 11 42 16 6 5
42 28 115 38 28 10
35 26 89 36 16 10
36 21 69 22 10 9
31 28 110 42 21 17
20 12 46 19 11 11
24 16 62 24 10 7
27 73 57 44 67 36 43
0 11 13 17 11 3 17
11 0 9 12 3 11 13
13 9 0 9 8 13 10
17 12 9 0 12 17 3
11 3 8 12 0 11 13
3 11 13 17 11 0 17
17 13 10 3 13 17 0
0 16 18 16 7 15
16 0 13 7 17 8
18 13 0 12 18 13
16 7 12 0 16 8
7 17 18 16 0 15
15 8 13 8 15 0
