6 6 250 3 97
38 62 43 94 51 73
72 95 44 129 100 127
88 103 63 206 94 169
81 105 62 171 98 131
84 139 70 180 107 163
57 78 47 134 84 119
32 54 66 67 73 45
0 8 3 2 3 16
8 0 9 8 9 14
3 9 0 3 2 16
2 8 3 0 3 16
3 9 2 3 0 16
16 14 16 16 16 0
0 16 15 18 18 15
16 0 12 13 13 12
15 12 0 12 12 10
18 13 12 0 10 12
18 13 12 10 0 12
15 12 10 12 12 0
