9 6 250 3 97
10 11 9 8 14 30
21 34 32 11 34 54
19 30 25 13 24 46
48 47 46 20 52 86
38 43 60 24 61 84
26 43 28 11 22 58
14 28 30 16 32 43
15 25 18 8 24 67
12 13 18 2 9 23
17 39 36 67 65 43 31 34 16
0 19 19 18 19 19 4 4 3
19 0 3 4 3 2 19 17 17
19 3 0 4 3 2 20 18 18
18 4 4 0 3 4 19 17 17
19 3 3 3 0 3 20 18 18
19 2 2 4 3 0 19 17 18
4 19 20 19 20 19 0 4 4
4 17 18 17 18 17 4 0 2
3 17 18 17 18 18 4 2 0
0 24 8 25 21 26
24 0 19 23 24 8
8 19 0 19 19 23
25 23 19 0 14 29
21 24 19 14 0 27
26 8 23 29 27 0
