9 9 250 1 99
14 8 27 19 31 17 62 61 23
20 20 25 20 28 9 69 63 34
27 31 34 32 46 15 102 78 40
12 15 23 22 14 8 58 39 14
13 23 40 23 42 16 86 85 27
16 35 42 36 51 21 117 110 44
7 10 18 21 19 7 43 40 19
9 13 19 13 16 3 31 34 16
16 21 27 19 30 12 66 57 25
32 40 57 29 51 64 23 22 39
0 3 17 3 2 17 17 17 18
3 0 18 2 3 18 18 18 19
17 18 0 17 17 2 3 3 3
3 2 17 0 3 18 18 18 18
2 3 17 3 0 18 18 18 18
17 18 2 18 18 0 2 2 3
17 18 3 18 18 2 0 3 2
17 18 3 18 18 2 3 0 3
18 19 3 18 18 3 2 3 0
0 7 24 7 13 8 22 22 25
7 0 24 6 13 8 22 22 25
24 24 0 24 24 25 20 16 12
7 6 24 0 13 8 22 22 25
13 13 24 13 0 12 21 18 24
8 8 25 8 12 0 23 22 25
22 22 20 22 21 23 0 18 24
22 22 16 22 18 22 18 0 15
25 25 12 25 24 25 24 15 0
