9 9 250 22 78
10 10 46 13 14 17 7 7 12
26 27 102 27 19 63 33 28 44
21 10 71 11 17 33 13 23 35
15 11 64 16 14 33 10 17 26
14 10 44 11 10 25 7 20 20
7 9 25 6 9 13 2 7 8
5 11 42 11 8 25 6 10 17
5 4 33 13 2 19 10 8 15
8 10 33 8 10 14 3 9 16
28 79 57 43 36 20 32 25 22
0 14 12 3 12 15 17 11 16
14 0 14 14 8 19 19 8 12
12 14 0 12 10 7 8 10 9
3 14 12 0 12 14 16 11 16
12 8 10 12 0 15 16 3 11
15 19 7 14 15 0 4 14 12
17 19 8 16 16 4 0 15 12
11 8 10 11 3 14 15 0 11
16 12 9 16 11 12 12 11 0
0 16 11 16 15 15 10 16 15
16 0 16 10 13 13 16 10 13
11 16 0 16 15 15 11 16 14
16 10 16 0 13 13 15 10 13
15 13 15 13 0 10 15 13 11
15 13 15 13 10 0 15 13 11
10 16 11 15 15 15 0 16 15
16 10 16 10 13 13 16 0 13
15 13 14 13 11 11 15 13 0
