4 8 250 33 67
93 28 26 37 15 45 61 37
144 62 29 77 30 66 76 54
195 62 38 84 31 82 109 70
310 112 83 140 52 110 146 98
48 69 85 141
0 9 7 8
9 0 10 18
7 10 0 4
8 18 4 0
0 15 12 13 13 13 17 9
15 0 18 18 18 12 17 15
12 18 0 7 8 17 14 11
13 18 7 0 8 17 13 11
13 18 8 8 0 17 13 12
13 12 17 17 17 0 19 14
17 17 14 13 13 19 0 16
9 15 11 11 12 14 16 0
