9 7 250 28 72
5 12 7 18 6 15 9
11 35 18 34 11 34 32
11 41 33 80 24 51 50
8 17 9 23 11 23 30
24 64 35 118 48 84 76
5 25 13 32 26 26 26
15 79 43 118 37 103 68
5 19 12 31 12 20 18
11 21 11 36 7 32 16
14 28 49 19 76 28 80 22 24
0 9 4 9 8 9 9 8 6
9 0 9 14 14 14 14 14 7
4 9 0 8 8 8 9 8 6
9 14 8 0 4 4 3 4 10
8 14 8 4 0 3 4 3 10
9 14 8 4 3 0 4 3 10
9 14 9 3 4 4 0 4 10
8 14 8 4 3 3 4 0 10
6 7 6 10 10 10 10 10 0
0 24 14 16 12 18 14
24 0 23 18 16 13 13
14 23 0 9 11 14 16
16 18 9 0 10 13 10
12 16 11 10 0 7 10
18 13 14 13 7 0 13
14 13 16 10 10 13 0
