10 9 250 3 97
7 6 20 22 14 12 19 13 14
13 16 31 12 22 10 20 4 32
44 28 62 42 47 37 45 29 66
22 19 45 35 32 14 42 27 41
5 10 9 16 17 7 12 6 10
33 21 45 44 65 45 60 37 50
19 18 50 29 42 18 34 16 34
15 16 23 14 20 14 25 15 21
43 30 64 43 68 35 59 44 63
6 7 12 16 20 8 13 6 15
19 23 54 39 13 60 35 25 63 14
0 14 12 8 16 9 7 9 4 3
14 0 14 16 9 8 12 7 12 14
12 14 0 14 15 11 8 11 12 11
8 16 14 0 16 11 10 12 9 8
16 9 15 16 0 11 13 11 15 16
9 8 11 11 11 0 6 4 8 8
7 12 8 10 13 6 0 7 7 7
9 7 11 12 11 4 7 0 8 9
4 12 12 9 15 8 7 8 0 4
3 14 11 8 16 8 7 9 4 0
0 7 22 22 7 21 21 21 20
7 0 21 20 6 19 19 20 19
22 21 0 7 20 11 6 6 7
22 20 7 0 20 12 7 6 8
7 6 20 20 0 19 19 20 19
21 19 11 12 19 0 11 11 10
21 19 6 7 19 11 0 6 6
21 20 6 6 20 11 6 0 6
20 19 7 8 19 10 6 6 0
