8 5 250 35 65
14 67 14 33 38
55 214 74 101 99
36 138 46 71 67
44 217 75 105 101
42 200 83 121 102
54 193 64 96 89
45 240 81 145 110
79 335 115 186 200
14 46 29 45 45 45 45 80
0 4 13 3 9 14 3 3
4 0 16 5 9 17 5 5
13 16 0 13 17 2 12 13
3 5 13 0 8 14 3 2
9 9 17 8 0 17 9 9
14 17 2 14 17 0 13 14
3 5 12 3 9 13 0 2
3 5 13 2 9 14 2 0
0 8 11 11 28
8 0 11 11 29
11 11 0 12 28
11 11 12 0 32
28 29 28 32 0
