8 5 250 20 80
26 43 76 125 30
41 68 79 122 39
28 73 116 198 38
67 183 200 406 83
57 108 132 249 61
10 24 20 72 13
50 105 134 322 60
47 91 124 237 47
26 27 43 81 50 11 62 48
0 14 9 13 8 14 4 10
14 0 11 5 11 6 14 11
9 11 0 10 4 10 9 8
13 5 10 0 10 4 13 10
8 11 4 10 0 10 8 8
14 6 10 4 10 0 14 10
4 14 9 13 8 14 0 10
10 11 8 10 8 10 10 0
0 20 25 9 16
20 0 24 13 8
25 24 0 17 28
9 13 17 0 13
16 8 28 13 0
