7 10 250 26 74
20 22 4 7 14 13 18 4 27 19
86 68 16 41 46 52 100 38 73 112
44 35 7 25 20 28 66 24 36 63
23 24 3 13 13 12 25 16 26 30
25 26 4 15 10 16 37 16 34 35
69 53 9 30 20 36 72 32 65 109
62 51 16 24 23 27 46 22 34 39
20 89 53 27 29 74 53
0 5 13 13 5 12 13
5 0 13 13 5 12 13
13 13 0 6 13 9 9
13 13 6 0 13 9 9
5 5 13 13 0 12 13
12 12 9 9 12 0 5
13 13 9 9 13 5 0
0 18 13 10 15 13 8 17 14 13
18 0 21 18 12 21 18 9 12 21
13 21 0 14 18 10 13 21 17 9
10 18 14 0 15 14 9 17 15 14
15 12 18 15 0 17 15 12 9 18
13 21 10 14 17 0 14 20 17 9
8 18 13 9 15 14 0 17 14 13
17 9 21 17 12 20 17 0 12 20
14 12 17 15 9 17 14 12 0 17
13 21 9 14 18 9 13 20 17 0
