7 7 250 25 75
18 29 34 88 21 21 14
27 45 68 127 56 30 18
35 57 59 133 39 27 13
25 48 40 109 34 27 15
20 42 37 115 36 21 14
55 71 71 259 70 59 32
15 19 40 56 24 13 9
36 51 57 41 42 91 26
0 10 6 5 5 6 10
10 0 9 11 8 8 3
6 9 0 8 4 4 8
5 11 8 0 8 8 11
5 8 4 8 0 3 8
6 8 4 8 3 0 8
10 3 8 11 8 8 0
0 10 17 17 14 17 17
10 0 18 18 15 18 17
17 18 0 10 14 10 18
17 18 10 0 14 9 19
14 15 14 14 0 14 15
17 18 10 9 14 0 19
17 17 18 19 15 19 0
