7 6 250 24 76
36 182 111 92 81 45
67 303 187 172 112 111
77 357 199 181 124 95
38 190 110 86 77 56
34 158 91 63 56 62
51 206 139 108 76 79
35 243 146 133 87 82
42 60 66 43 35 44 53
0 17 18 3 3 17 16
17 0 2 17 17 2 3
18 2 0 18 18 2 3
3 17 18 0 2 17 16
3 17 18 2 0 18 17
17 2 2 17 18 0 3
16 3 3 16 17 3 0
0 25 20 23 21 10
25 0 21 10 21 24
20 21 0 21 10 20
23 10 21 0 21 23
21 21 10 21 0 21
10 24 20 23 21 0
