8 9 250 3 97
9 9 21 20 20 9 9 9 27
30 30 118 67 46 25 35 28 139
28 12 84 61 48 18 26 30 105
29 20 91 52 43 23 23 24 82
53 47 176 119 89 54 61 44 164
17 8 75 43 30 15 24 16 81
6 3 37 20 10 8 8 12 21
17 11 60 55 33 10 16 13 55
17 54 48 45 96 35 13 34
0 13 13 13 4 13 13 13
13 0 4 4 12 4 4 4
13 4 0 4 12 4 4 4
13 4 4 0 12 3 4 4
4 12 12 12 0 12 12 12
13 4 4 3 12 0 4 3
13 4 4 4 12 4 0 4
13 4 4 4 12 3 4 0
0 16 18 16 16 10 10 16 9
16 0 19 7 7 15 15 7 16
18 19 0 19 19 15 15 19 16
16 7 19 0 7 15 15 7 16
16 7 19 7 0 15 15 7 16
10 15 15 15 15 0 7 16 8
10 15 15 15 15 7 0 15 9
16 7 19 7 7 16 15 0 17
9 16 16 16 16 8 9 17 0
