6 9 250 37 63
12 36 49 12 35 26 20 11 34
29 65 108 17 82 46 31 25 76
52 111 168 33 102 74 48 28 134
28 52 78 9 49 32 27 20 74
13 28 63 5 40 17 17 11 41
34 93 161 28 100 61 47 25 91
33 60 103 42 31 80
0 12 15 15 3 15
12 0 9 9 12 9
15 9 0 3 15 3
15 9 3 0 15 3
3 12 15 15 0 15
15 9 3 3 15 0
0 28 10 30 29 28 29 9 29
28 0 30 10 11 9 10 28 9
10 30 0 31 31 30 30 11 30
30 10 31 0 9 10 9 30 10
29 11 31 9 0 10 9 29 11
28 9 30 10 10 0 9 28 9
29 10 30 9 9 9 0 29 10
9 28 11 30 29 28 29 0 29
29 9 30 10 11 9 10 29 0
