5 10 250 13 87
2 23 7 5 7 6 3 2 4 9
19 65 30 40 25 49 19 19 18 31
31 60 33 29 14 38 19 20 16 23
13 46 23 19 20 26 13 10 11 17
18 24 17 19 15 33 9 12 9 10
23 106 100 59 61
0 17 5 20 5
17 0 18 10 16
5 18 0 20 7
20 10 20 0 20
5 16 7 20 0
0 13 11 12 11 15 12 14 18 16
13 0 13 11 12 18 13 10 16 11
11 13 0 11 9 13 13 14 16 15
12 11 11 0 9 13 9 9 12 11
11 12 9 9 0 13 11 12 14 13
15 18 13 13 13 0 13 15 13 17
12 13 13 9 11 13 0 9 12 14
14 10 14 9 12 15 9 0 12 11
18 16 16 12 14 13 12 12 0 13
16 11 15 11 13 17 14 11 13 0
