4 6 250 20 80
143 60 81 94 283 224
109 46 53 82 228 154
206 77 86 130 418 248
258 94 118 140 546 365
79 54 95 109
0 15 15 14
15 0 2 3
15 2 0 3
14 3 3 0
0 39 20 24 24 32
39 0 40 37 29 32
20 40 0 7 14 19
24 37 7 0 11 16
24 29 14 11 0 11
32 32 19 16 11 0
