4 8 250 72 28
34 27 51 76 48 24 28 22
164 100 206 335 175 109 135 119
116 85 143 270 143 103 100 97
77 48 103 177 74 54 72 54
28 136 100 60
0 5 5 11
5 0 4 11
5 4 0 11
11 11 11 0
0 24 30 10 19 28 18 8
24 0 35 26 34 31 32 25
30 35 0 32 30 30 30 29
10 26 32 0 16 25 14 9
19 34 30 16 0 21 8 17
28 31 30 25 21 0 20 26
18 32 30 14 8 20 0 15
8 25 29 9 17 26 15 0
