10 4 250 33 67
69 47 48 24
54 46 20 18
160 107 95 55
192 117 86 56
30 24 21 10
106 79 65 45
47 27 23 22
60 35 23 29
167 117 67 52
81 47 37 20
28 20 60 57 13 44 16 19 50 28
0 8 7 7 16 16 5 18 8 18
8 0 6 7 12 12 9 14 5 14
7 6 0 5 14 14 8 16 6 16
7 7 5 0 14 14 8 16 7 16
16 12 14 14 0 5 17 8 13 8
16 12 14 14 5 0 17 8 13 8
5 9 8 8 17 17 0 19 8 18
18 14 16 16 8 8 19 0 15 5
8 5 6 7 13 13 8 15 0 15
18 14 16 16 8 8 18 5 15 0
0 25 21 20
25 0 9 21
21 9 0 17
20 21 17 0
