8 8 250 16 84
28 72 69 47 31 39 22 49
30 90 83 90 40 48 26 52
57 160 130 100 69 89 50 86
41 117 153 112 42 69 36 75
82 219 212 194 121 100 72 139
47 120 108 79 55 48 27 68
60 131 100 109 61 61 34 87
38 90 64 64 40 51 19 50
25 35 45 47 83 39 43 27
0 6 11 10 7 5 11 3
6 0 11 9 11 7 14 6
11 11 0 5 15 9 12 10
10 9 5 0 15 9 14 8
7 11 15 15 0 8 10 9
5 7 9 9 8 0 9 5
11 14 12 14 10 9 0 12
3 6 10 8 9 5 12 0
0 16 17 16 9 8 16 9
16 0 22 8 16 16 9 16
17 22 0 22 17 18 22 17
16 8 22 0 16 16 8 16
9 16 17 16 0 9 16 9
8 16 18 16 9 0 16 8
16 9 22 8 16 16 0 16
9 16 17 16 9 8 16 0
