4 9 250 20 80
23 26 2 22 8 23 38 16 25
27 28 7 32 10 33 41 17 33
95 91 16 75 27 81 122 58 92
14 14 6 12 2 16 15 7 9
58 69 188 29
0 5 16 20
5 0 16 19
16 16 0 17
20 19 17 0
0 15 12 17 9 19 12 9 18
15 0 18 16 15 11 15 13 12
12 18 0 21 9 23 16 11 17
17 16 21 0 19 17 11 17 21
9 15 9 19 0 20 14 7 16
19 11 23 17 20 0 18 18 17
12 15 16 11 14 18 0 13 20
9 13 11 17 7 18 13 0 14
18 12 17 21 16 17 20 14 0
