9 4 250 12 88
139 79 36 173
132 87 39 154
223 119 86 257
195 96 52 193
98 49 38 86
241 118 99 274
270 115 68 262
135 64 48 164
164 92 58 188
30 29 51 38 18 57 54 31 36
0 11 11 6 11 5 11 5 15
11 0 10 11 15 11 15 11 14
11 10 0 12 12 11 12 11 10
6 11 12 0 11 5 11 5 16
11 15 12 11 0 11 6 11 13
5 11 11 5 11 0 11 5 15
11 15 12 11 6 11 0 11 13
5 11 11 5 11 5 11 0 15
15 14 10 16 13 15 13 15 0
0 26 20 20
26 0 10 22
20 10 0 10
20 22 10 0
