4 7 250 38 62
22 29 26 33 11 23 28
42 44 58 73 15 54 66
78 73 98 106 25 78 106
44 35 43 65 10 43 54
44 92 148 72
0 10 7 7
10 0 12 10
7 12 0 5
7 10 5 0
0 20 17 16 20 20 13
20 0 12 14 10 10 20
17 12 0 12 13 13 18
16 14 12 0 15 14 17
20 10 13 15 0 10 20
20 10 13 14 10 0 20
13 20 18 17 20 20 0
