4 6 250 22 78
218 59 104 68 57 135
368 89 177 88 65 206
415 86 199 97 67 220
324 78 150 73 74 195
57 103 98 79
0 5 18 20
5 0 17 19
18 17 0 6
20 19 6 0
0 35 37 9 34 13
35 0 15 36 12 34
37 15 0 38 17 36
9 36 38 0 34 9
34 12 17 34 0 32
13 34 36 9 32 0
