10 6 250 41 59
76 16 18 47 44 7
139 27 54 78 96 21
170 30 66 85 123 23
41 8 18 20 35 6
43 7 21 36 33 7
32 10 17 36 30 7
225 43 83 121 165 33
227 29 86 142 171 36
117 23 29 49 62 17
135 26 56 92 86 12
21 41 44 13 13 13 58 60 29 41
0 6 10 11 7 6 11 14 11 4
6 0 9 8 4 8 8 13 8 6
10 9 0 8 9 9 7 10 7 10
11 8 8 0 8 10 3 12 4 11
7 4 9 8 0 8 8 12 8 7
6 8 9 10 8 0 10 15 10 6
11 8 7 3 8 10 0 12 3 11
14 13 10 12 12 15 12 0 11 15
11 8 7 4 8 10 3 11 0 11
4 6 10 11 7 6 11 15 11 0
0 21 7 7 6 23
21 0 18 19 19 8
7 18 0 6 7 20
7 19 6 0 6 21
6 19 7 6 0 21
23 8 20 21 21 0
