7 7 250 22 78
27 54 52 23 41 50 26
60 66 79 37 54 74 46
83 103 110 48 86 109 86
47 46 75 30 59 63 46
43 58 62 35 68 81 48
86 106 107 52 101 109 71
30 40 51 24 41 57 49
32 49 71 39 47 69 32
0 6 11 16 11 6 11
6 0 10 15 11 6 10
11 10 0 12 6 10 5
16 15 12 0 12 15 12
11 11 6 12 0 11 6
6 6 10 15 11 0 10
11 10 5 12 6 10 0
0 26 21 20 9 9 26
26 0 14 15 27 27 8
21 14 0 9 21 22 14
20 15 9 0 20 20 15
9 27 21 20 0 9 27
9 27 22 20 9 0 27
26 8 14 15 27 27 0
