5 8 250 13 87
16 40 29 23 85 10 51 84
21 71 47 46 144 23 104 135
28 100 43 62 185 35 125 177
20 85 53 49 184 22 104 145
28 75 41 50 160 17 106 154
37 63 94 76 76
0 13 4 15 16
13 0 13 18 19
4 13 0 15 16
15 18 15 0 5
16 19 16 5 0
0 15 29 19 9 16 21 8
15 0 22 11 14 15 14 10
29 22 0 14 24 28 23 26
19 11 14 0 15 20 16 15
9 14 24 15 0 13 16 8
16 15 28 20 13 0 11 12
21 14 23 16 16 11 0 16
8 10 26 15 8 12 16 0
