8 10 250 52 48
78 48 15 60 79 75 26 41 41 112
76 57 30 68 107 90 18 49 48 165
148 96 57 136 166 171 58 98 70 283
40 20 12 28 45 28 15 16 23 83
43 28 7 34 46 26 15 18 21 69
32 24 16 26 50 48 12 19 16 76
127 86 33 86 112 113 44 62 50 182
75 51 36 62 71 62 26 41 33 122
39 48 92 23 20 23 59 40
0 15 16 18 14 13 4 18
15 0 6 14 6 11 15 13
16 6 0 13 6 10 16 13
18 14 13 0 13 12 18 5
14 6 6 13 0 9 14 13
13 11 10 12 9 0 12 11
4 15 16 18 14 12 0 18
18 13 13 5 13 11 18 0
0 18 21 19 15 13 20 15 13 9
18 0 18 10 13 16 18 13 16 19
21 18 0 17 19 21 17 19 21 21
19 10 17 0 14 17 19 14 16 19
15 13 19 14 0 12 17 9 11 15
13 16 21 17 12 0 19 12 9 12
20 18 17 19 17 19 0 17 19 20
15 13 19 14 9 12 17 0 11 15
13 16 21 16 11 9 19 11 0 13
9 19 21 19 15 12 20 15 13 0
