10 7 250 55 45
50 52 11 43 18 15 11
75 62 20 41 26 17 10
212 195 40 101 82 58 35
46 41 9 25 11 17 5
74 81 16 54 45 23 11
76 47 14 39 31 13 11
125 97 24 73 52 23 15
61 69 11 38 30 20 14
65 64 12 26 23 19 16
90 85 16 43 41 26 17
21 26 75 19 35 26 45 26 24 37
0 8 11 10 8 11 8 10 11 10
8 0 11 11 11 11 5 14 11 14
11 11 0 6 13 5 11 15 5 14
10 11 6 0 13 6 11 14 6 14
8 11 13 13 0 13 11 10 13 10
11 11 5 6 13 0 12 15 5 15
8 5 11 11 11 12 0 14 12 14
10 14 15 14 10 15 14 0 15 5
11 11 5 6 13 5 12 15 0 14
10 14 14 14 10 15 14 5 14 0
0 18 13 14 10 14 13
18 0 12 13 18 15 22
13 12 0 10 15 12 18
14 13 10 0 16 12 17
10 18 15 16 0 15 13
14 15 12 12 15 0 16
13 22 18 17 13 16 0
