5 9 250 9 91
19 36 53 47 98 60 62 48 71
19 50 89 62 150 117 94 67 120
21 56 70 61 137 91 101 74 130
20 61 97 66 193 148 102 79 144
22 67 92 66 184 133 99 78 159
43 68 60 90 73
0 14 16 6 15
14 0 6 15 6
16 6 0 17 5
6 15 17 0 17
15 6 5 17 0
0 19 20 9 14 9 9 8 27
19 0 9 20 23 19 19 19 18
20 9 0 21 24 20 20 20 17
9 20 21 0 13 9 8 9 27
14 23 24 13 0 14 14 14 28
9 19 20 9 14 0 8 8 26
9 19 20 8 14 8 0 9 26
8 19 20 9 14 8 9 0 26
27 18 17 27 28 26 26 26 0
