10 7 250 34 66
53 7 13 34 32 60 28
106 43 45 82 69 82 45
83 25 28 69 53 54 53
96 33 41 94 68 91 54
78 20 40 67 57 60 31
46 20 28 42 47 38 18
65 24 28 54 45 45 46
51 20 27 56 42 51 44
50 17 29 54 39 50 22
44 13 19 37 29 40 28
23 46 43 46 35 27 32 29 29 21
0 3 14 3 20 20 14 20 17 13
3 0 14 4 20 20 14 20 17 13
14 14 0 14 9 9 4 9 11 4
3 4 14 0 20 20 14 20 17 13
20 20 9 20 0 4 10 4 14 10
20 20 9 20 4 0 9 4 13 10
14 14 4 14 10 9 0 9 10 4
20 20 9 20 4 4 9 0 13 10
17 17 11 17 14 13 10 13 0 11
13 13 4 13 10 10 4 10 11 0
0 6 15 15 16 15 16
6 0 16 17 17 16 17
15 16 0 14 18 15 19
15 17 14 0 10 6 10
16 17 18 10 0 9 6
15 16 15 6 9 0 9
16 17 19 10 6 9 0
