8 9 250 15 85
29 21 50 13 53 16 31 10 10
67 48 93 20 105 34 70 27 31
64 40 87 24 128 24 100 35 31
37 18 48 5 33 10 43 10 20
51 36 60 23 100 33 62 25 19
41 39 42 10 57 9 42 14 16
81 44 86 26 97 35 92 23 44
72 45 94 24 115 28 76 31 32
24 52 59 22 40 31 58 51
0 7 5 9 9 5 7 7
7 0 7 10 11 7 9 5
5 7 0 9 9 5 7 7
9 10 9 0 11 9 7 10
9 11 9 11 0 9 9 11
5 7 5 9 9 0 7 8
7 9 7 7 9 7 0 9
7 5 7 10 11 8 9 0
0 16 10 13 14 15 13 15 10
16 0 17 14 18 14 10 16 15
10 17 0 15 16 19 16 19 14
13 14 15 0 7 11 11 10 8
14 18 16 7 0 13 14 11 10
15 14 19 11 13 0 8 7 10
13 10 16 11 14 8 0 10 9
15 16 19 10 11 7 10 0 9
10 15 14 8 10 10 9 9 0
