7 9 250 4 96
83 23 32 19 53 15 28 44 30
162 36 53 41 74 54 56 72 50
251 66 69 85 117 84 85 113 84
242 79 77 71 122 95 89 104 84
155 49 58 44 99 56 62 74 66
90 25 36 28 52 22 39 53 29
206 75 71 62 125 76 70 106 86
25 46 71 66 47 30 68
0 13 13 10 13 6 6
13 0 2 6 2 9 10
13 2 0 6 2 9 9
10 6 6 0 6 6 6
13 2 2 6 0 9 9
6 9 9 6 9 0 2
6 10 9 6 9 2 0
0 18 17 18 14 14 21 20 18
18 0 7 13 15 15 18 14 13
17 7 0 13 14 14 17 15 13
18 13 13 0 14 14 21 7 6
14 15 14 14 0 6 15 15 14
14 15 14 14 6 0 15 15 13
21 18 17 21 15 15 0 21 21
20 14 15 7 15 15 21 0 7
18 13 13 6 14 13 21 7 0
