4 9 250 16 84
58 65 37 41 30 31 68 32 61
84 78 67 60 36 37 110 54 80
133 132 98 88 53 61 171 81 135
52 94 66 54 38 39 107 42 93
55 75 113 78
0 2 3 14
2 0 3 15
3 3 0 14
14 15 14 0
0 15 18 9 12 8 13 13 12
15 0 22 16 16 15 18 19 16
18 22 0 18 14 18 15 15 14
9 16 18 0 13 9 14 13 12
12 16 14 13 0 12 13 13 9
8 15 18 9 12 0 13 13 12
13 18 15 14 13 13 0 8 12
13 19 15 13 13 13 8 0 12
12 16 14 12 9 12 12 12 0
