10 10 250 17 83
4 33 56 22 21 27 21 24 26 21
12 84 103 61 35 56 60 43 50 38
21 94 106 76 24 61 60 57 47 44
8 30 39 22 12 25 26 25 21 17
3 18 28 15 13 24 19 9 23 13
8 35 47 40 19 29 31 16 14 11
16 68 99 46 27 49 44 34 34 32
18 65 109 62 24 56 53 51 50 34
29 129 196 107 43 80 116 78 86 70
3 37 55 25 22 21 24 24 17 13
22 45 49 17 13 19 40 42 82 20
0 16 4 16 3 16 16 4 16 4
16 0 17 4 16 5 4 17 4 17
4 17 0 16 4 17 17 4 16 4
16 4 16 0 16 4 4 16 4 16
3 16 4 16 0 16 16 4 16 4
16 5 17 4 16 0 4 17 4 17
16 4 17 4 16 4 0 17 4 17
4 17 4 16 4 17 17 0 17 3
16 4 16 4 16 4 4 17 0 17
4 17 4 16 4 17 17 3 17 0
0 12 15 13 15 14 15 15 16 13
12 0 15 10 17 13 15 19 16 11
15 15 0 15 15 16 10 18 20 15
13 10 15 0 17 12 15 19 18 10
15 17 15 17 0 19 14 15 16 18
14 13 16 12 19 0 16 20 20 11
15 15 10 15 14 16 0 17 19 15
15 19 18 19 15 20 17 0 17 19
16 16 20 18 16 20 19 17 0 18
13 11 15 10 18 11 15 19 18 0
