8 9 250 12 88
31 56 57 22 15 27 62 10 18
21 55 40 24 10 32 58 26 12
29 81 62 34 25 50 76 26 17
30 75 64 21 28 50 88 25 21
29 126 83 33 31 54 99 33 25
8 37 26 17 5 23 35 13 10
32 52 47 20 21 29 53 27 10
17 43 24 15 16 21 36 25 15
38 34 48 49 69 24 43 25
0 5 12 12 4 12 13 4
5 0 12 12 4 12 12 4
12 12 0 5 12 4 3 13
12 12 5 0 12 4 5 12
4 4 12 12 0 12 12 4
12 12 4 4 12 0 4 13
13 12 3 5 12 4 0 13
4 4 13 12 4 13 13 0
0 11 19 19 10 9 19 11 20
11 0 22 21 7 12 21 13 25
19 22 0 7 22 17 7 18 24
19 21 7 0 21 17 7 17 24
10 7 22 21 0 11 21 13 24
9 12 17 17 11 0 17 9 20
19 21 7 7 21 17 0 17 24
11 13 18 17 13 9 17 0 19
20 25 24 24 24 20 24 19 0
