4 8 250 23 77
79 57 49 80 113 88 105 102
117 70 75 119 145 100 127 169
146 73 74 147 152 141 183 186
60 29 39 46 65 49 67 72
69 104 110 42
0 4 4 12
4 0 4 13
4 4 0 12
12 13 12 0
0 13 17 12 13 23 18 17
13 0 19 9 8 28 20 19
17 19 0 18 19 20 11 8
12 9 18 0 9 27 19 18
13 8 19 9 0 28 20 19
23 28 20 27 28 0 19 19
18 20 11 19 20 19 0 11
17 19 8 18 19 19 11 0
