5 10 250 12 88
69 30 33 43 5 40 76 5 25 15
128 73 57 79 14 76 116 17 60 39
94 77 39 67 22 45 88 10 39 24
33 15 9 28 3 23 31 3 11 11
41 33 18 30 9 17 46 6 12 12
58 118 92 30 42
0 19 11 3 14
19 0 12 20 15
11 12 0 12 4
3 20 12 0 13
14 15 4 13 0
0 8 19 24 25 20 8 16 20 19
8 0 20 25 26 20 7 17 21 21
19 20 0 30 31 8 20 12 14 18
24 25 30 0 7 31 24 30 25 19
25 26 31 7 0 32 25 31 27 20
20 20 8 31 32 0 20 14 13 20
8 7 20 24 25 20 0 17 21 20
16 17 12 30 31 14 17 0 19 19
20 21 14 25 27 13 21 19 0 16
19 21 18 19 20 20 20 19 16 0
