10 8 250 10 90
19 11 14 11 15 1 36 41
17 23 20 14 25 16 51 66
25 11 11 15 27 8 45 55
17 15 9 9 15 6 29 40
18 10 9 10 17 9 47 42
8 5 6 5 13 4 21 29
9 10 8 8 5 5 28 32
11 6 6 9 19 10 43 44
14 19 19 20 22 16 71 77
15 10 5 10 17 5 41 29
32 47 37 31 38 19 21 29 59 28
0 17 17 17 2 13 13 13 17 13
17 0 2 2 18 13 13 7 2 13
17 2 0 2 18 13 13 8 2 13
17 2 2 0 18 13 13 8 2 13
2 18 18 18 0 13 14 13 18 13
13 13 13 13 13 0 2 11 14 2
13 13 13 13 14 2 0 11 13 2
13 7 8 8 13 11 11 0 8 11
17 2 2 2 18 14 13 8 0 14
13 13 13 13 13 2 2 11 14 0
0 32 19 25 34 23 25 33
32 0 25 15 14 10 12 20
19 25 0 25 29 21 22 23
25 15 25 0 13 12 16 19
34 14 29 13 0 18 21 13
23 10 21 12 18 0 6 22
25 12 22 16 21 6 0 26
33 20 23 19 13 22 26 0
