9 9 250 16 84
8 14 17 23 9 12 16 13 8
26 31 68 72 32 65 90 37 31
32 45 97 117 74 104 101 62 58
51 56 114 160 71 93 138 83 78
15 30 54 55 37 38 65 32 41
22 31 48 51 28 36 46 29 25
18 13 33 39 13 18 32 20 15
34 29 70 81 36 57 72 42 39
82 68 147 180 95 126 179 133 82
10 36 51 60 26 24 15 34 89
0 2 3 15 12 15 12 15 14
2 0 2 15 13 15 13 15 15
3 2 0 15 13 16 13 15 15
15 15 15 0 6 3 6 3 2
12 13 13 6 0 6 3 6 6
15 15 16 3 6 0 6 3 3
12 13 13 6 3 6 0 7 6
15 15 15 3 6 3 7 0 3
14 15 15 2 6 3 6 3 0
0 34 11 33 16 15 17 35 35
34 0 33 11 28 29 27 11 12
11 33 0 32 15 14 16 34 35
33 11 32 0 26 28 26 12 13
16 28 15 26 0 12 10 29 29
15 29 14 28 12 0 12 30 30
17 27 16 26 10 12 0 28 28
35 11 34 12 29 30 28 0 12
35 12 35 13 29 30 28 12 0
