8 8 250 44 56
27 5 31 16 33 50 17 12
50 22 40 46 64 77 26 35
58 16 55 30 43 67 17 25
35 7 43 35 30 45 10 20
26 10 21 18 21 30 6 13
48 8 51 43 47 63 23 35
81 34 86 62 90 88 28 48
39 14 36 24 53 63 12 29
30 49 46 35 23 48 74 43
0 3 11 15 9 10 7 7
3 0 12 15 10 10 7 8
11 12 0 13 6 6 7 8
15 15 13 0 10 10 13 12
9 10 6 10 0 2 6 6
10 10 6 10 2 0 6 6
7 7 7 13 6 6 0 3
7 8 8 12 6 6 3 0
0 31 26 25 24 27 28 11
31 0 39 38 37 38 40 29
26 39 0 8 35 9 10 27
25 38 8 0 34 9 11 25
24 37 35 34 0 36 38 21
27 38 9 9 36 0 11 27
28 40 10 11 38 11 0 28
11 29 27 25 21 27 28 0
