9 8 250 17 83
38 29 59 66 34 41 54 51
112 52 174 181 82 103 169 124
108 49 156 190 64 113 182 107
44 28 40 73 24 40 68 48
55 16 50 76 28 36 49 40
23 8 43 42 17 16 31 35
56 33 109 85 37 49 90 75
45 18 61 72 31 31 64 46
74 24 95 100 42 58 104 86
26 67 63 29 25 14 41 27 42
0 10 5 9 9 4 9 4 4
10 0 11 5 5 10 5 10 10
5 11 0 10 10 4 10 5 5
9 5 10 0 5 10 4 9 10
9 5 10 5 0 10 5 9 10
4 10 4 10 10 0 10 4 4
9 5 10 4 5 10 0 9 10
4 10 5 9 9 4 9 0 4
4 10 5 10 10 4 10 4 0
0 8 38 7 39 7 7 33
8 0 38 7 39 8 8 33
38 38 0 39 7 37 39 28
7 7 39 0 39 7 7 34
39 39 7 39 0 38 40 30
7 8 37 7 38 0 7 34
7 8 39 7 40 7 0 34
33 33 28 34 30 34 34 0
