6 6 250 46 54
37 23 77 22 35 31
25 13 39 15 23 19
41 38 93 46 69 44
48 52 117 51 65 52
9 11 27 12 16 23
54 44 120 52 72 56
51 31 73 86 20 87
0 2 16 14 2 2
2 0 15 13 2 2
16 15 0 3 15 15
14 13 3 0 13 14
2 2 15 13 0 2
2 2 15 14 2 0
0 11 12 11 15 12
11 0 11 11 15 11
12 11 0 11 16 10
11 11 11 0 16 11
15 15 16 16 0 16
12 11 10 11 16 0
