10 8 250 34 66
16 40 56 26 38 56 60 18
37 60 89 49 78 71 110 32
46 76 91 48 78 71 116 25
10 14 25 15 25 23 33 10
17 18 20 12 22 13 31 7
40 57 58 44 53 61 91 34
22 31 43 24 34 34 49 19
16 38 40 20 41 43 66 17
39 73 75 37 72 78 123 44
28 58 82 40 46 69 89 28
27 48 49 14 14 39 22 24 45 41
0 15 13 5 14 14 14 14 5 13
15 0 13 15 13 5 6 13 14 6
13 13 0 13 6 13 13 6 13 12
5 15 13 0 14 14 13 14 5 13
14 13 6 14 0 13 13 5 13 12
14 5 13 14 13 0 5 13 14 5
14 6 13 13 13 5 0 13 13 6
14 13 6 14 5 13 13 0 13 12
5 14 13 5 13 14 13 13 0 13
13 6 12 13 12 5 6 12 13 0
0 17 31 32 32 16 19 31
17 0 31 32 38 10 16 37
31 31 0 11 31 30 24 31
32 32 11 0 31 31 25 32
32 38 31 31 0 37 35 10
16 10 30 31 37 0 15 36
19 16 24 25 35 15 0 34
31 37 31 32 10 36 34 0
