9 9 250 62 38
23 21 17 33 26 21 19 15 65
17 11 7 24 16 7 22 19 33
38 29 14 37 28 29 43 21 90
13 17 10 8 14 8 17 8 25
32 20 13 34 21 13 40 9 80
47 51 22 53 45 26 62 34 139
20 17 13 26 14 19 29 25 63
21 20 8 25 17 20 23 5 45
21 21 9 24 15 15 32 11 50
41 24 56 20 39 79 37 30 29
0 8 8 11 10 8 13 7 8
8 0 13 10 6 13 13 6 10
8 13 0 12 14 4 19 13 8
11 10 12 0 12 12 17 13 14
10 6 14 12 0 14 17 8 9
8 13 4 12 14 0 17 13 10
13 13 19 17 17 17 0 11 18
7 6 13 13 8 13 11 0 10
8 10 8 14 9 10 18 10 0
0 16 10 17 20 19 14 18 11
16 0 10 26 28 17 13 22 17
10 10 0 22 23 19 11 15 11
17 26 22 0 11 18 18 28 25
20 28 23 11 0 21 18 26 27
19 17 19 18 21 0 11 30 27
14 13 11 18 18 11 0 21 19
18 22 15 28 26 30 21 0 12
11 17 11 25 27 27 19 12 0
