8 8 250 9 91
24 17 25 13 54 55 7 11
20 21 19 10 48 37 11 10
57 38 35 25 86 100 13 28
54 28 44 24 82 100 22 24
51 38 33 26 89 77 17 27
35 20 26 20 56 52 11 19
94 57 55 33 117 150 20 34
32 22 34 14 77 81 14 22
26 22 55 54 49 32 74 37
0 4 4 10 4 4 11 11
4 0 4 10 4 4 10 10
4 4 0 10 4 4 11 11
10 10 10 0 10 10 4 4
4 4 4 10 0 4 11 10
4 4 4 10 4 0 11 10
11 10 11 4 11 11 0 4
11 10 11 4 10 10 4 0
0 20 21 25 21 26 11 11
20 0 11 20 11 21 18 18
21 11 0 21 12 22 19 19
25 20 21 0 22 10 23 23
21 11 12 22 0 23 19 19
26 21 22 10 23 0 24 24
11 18 19 23 19 24 0 9
11 18 19 23 19 24 9 0
