4 8 250 28 72
83 58 24 33 20 28 22 59
273 263 111 124 82 94 83 171
327 306 154 139 86 90 85 175
359 335 143 174 112 126 107 255
25 93 103 117
0 4 4 12
4 0 5 13
4 5 0 13
12 13 13 0
0 22 22 33 21 21 25 21
22 0 9 21 10 18 16 9
22 9 0 20 9 17 15 8
33 21 20 0 22 20 15 20
21 10 9 22 0 18 17 9
21 18 17 20 18 0 13 17
25 16 15 15 17 13 0 15
21 9 8 20 9 17 15 0
