9 8 250 16 84
15 7 2 5 8 19 2 16
13 5 4 6 11 22 4 9
44 23 10 39 14 53 10 34
25 8 2 17 13 33 6 15
78 22 10 44 23 111 16 49
62 25 17 48 41 104 6 49
24 4 2 14 7 24 1 14
19 10 2 16 7 18 7 4
16 10 3 20 9 28 7 12
19 19 50 30 82 82 19 20 24
0 7 11 16 4 3 9 14 16
7 0 12 16 8 8 13 11 16
11 12 0 10 11 11 14 11 10
16 16 10 0 15 15 16 15 3
4 8 11 15 0 3 8 14 15
3 8 11 15 3 0 9 14 15
9 13 14 16 8 9 0 20 16
14 11 11 15 14 14 20 0 16
16 16 10 3 15 15 16 16 0
0 12 12 37 13 10 10 40
12 0 7 35 7 7 7 39
12 7 0 33 7 8 9 37
37 35 33 0 34 34 36 8
13 7 7 34 0 7 8 37
10 7 8 34 7 0 7 37
10 7 9 36 8 7 0 40
40 39 37 8 37 37 40 0
