10 7 250 21 79
29 52 28 29 69 41 33
51 74 69 60 125 86 88
98 105 106 72 171 131 125
33 43 25 22 62 41 42
28 26 28 31 62 51 50
19 35 22 15 41 39 42
24 46 36 31 77 38 52
20 20 23 16 42 28 27
60 69 80 61 148 113 93
8 14 14 12 22 18 19
26 57 78 28 28 18 27 16 58 10
0 11 12 12 14 14 11 14 9 10
11 0 6 8 9 9 11 9 15 11
12 6 0 9 9 9 12 9 15 11
12 8 9 0 11 11 11 11 14 11
14 9 9 11 0 12 12 5 16 11
14 9 9 11 12 0 15 12 18 15
11 11 12 11 12 15 0 12 11 6
14 9 9 11 5 12 12 0 17 12
9 15 15 14 16 18 11 17 0 11
10 11 11 11 11 15 6 12 11 0
0 27 26 9 27 18 25
27 0 15 27 15 17 18
26 15 0 26 8 17 19
9 27 26 0 27 18 25
27 15 8 27 0 18 19
18 17 17 18 18 0 17
25 18 19 25 19 17 0
