8 10 250 5 95
11 18 9 1 13 10 8 6 6 6
20 41 20 8 15 21 18 11 22 24
21 37 18 13 20 20 21 13 18 18
16 28 19 9 17 19 20 8 9 19
13 54 21 12 26 29 25 11 15 24
3 6 3 2 5 4 4 2 2 1
24 56 28 17 33 38 33 20 25 27
23 53 30 12 23 23 31 15 14 23
20 42 50 38 54 8 64 54
0 2 14 14 16 20 11 17
2 0 13 13 15 20 10 16
14 13 0 6 11 8 7 11
14 13 6 0 6 8 6 7
16 15 11 6 0 11 8 3
20 20 8 8 11 0 12 12
11 10 7 6 8 12 0 8
17 16 11 7 3 12 8 0
0 14 14 15 14 13 16 10 12 14
14 0 13 15 15 12 12 14 13 13
14 13 0 15 14 14 13 14 14 10
15 15 15 0 10 15 15 15 15 15
14 15 14 10 0 15 15 14 14 15
13 12 14 15 15 0 14 12 12 14
16 12 13 15 15 14 0 15 15 13
10 14 14 15 14 12 15 0 11 14
12 13 14 15 14 12 15 11 0 14
14 13 10 15 15 14 13 14 14 0
