4 8 250 19 81
49 82 73 47 70 73 30 132
155 264 215 127 251 283 64 432
140 231 186 94 266 229 66 410
40 61 58 35 64 65 16 104
42 131 114 36
0 15 15 4
15 0 3 16
15 3 0 16
4 16 16 0
0 15 9 15 14 12 24 9
15 0 15 7 6 15 15 15
9 15 0 16 15 10 24 7
15 7 16 0 7 16 16 15
14 6 15 7 0 14 16 14
12 15 10 16 14 0 21 9
24 15 24 16 16 21 0 23
9 15 7 15 14 9 23 0
