7 7 250 13 87
17 119 8 23 21 39 28
31 203 22 51 42 73 50
34 221 31 48 47 85 56
59 382 44 129 85 108 79
21 120 11 29 26 46 34
23 141 12 38 31 49 31
21 155 18 41 37 52 31
31 46 57 101 34 39 36
0 20 6 19 5 6 5
20 0 19 5 19 18 19
6 19 0 18 5 5 5
19 5 18 0 18 17 18
5 19 5 18 0 5 4
6 18 5 17 5 0 5
5 19 5 18 4 5 0
0 7 17 14 15 6 18
7 0 18 14 14 6 19
17 18 0 14 15 18 7
14 14 14 0 8 14 15
15 14 15 8 0 14 16
6 6 18 14 14 0 19
18 19 7 15 16 19 0
