7 5 250 6 94
115 92 116 123 32
130 105 139 142 43
213 174 275 277 74
102 82 117 121 24
41 39 54 56 16
128 105 135 127 36
184 135 236 241 56
39 45 85 39 16 49 76
0 7 2 12 16 3 2
7 0 6 9 18 5 7
2 6 0 11 16 2 2
12 9 11 0 20 11 12
16 18 16 20 0 16 16
3 5 2 11 16 0 3
2 7 2 12 16 3 0
0 35 36 35 10
35 0 13 10 36
36 13 0 14 36
35 10 14 0 36
10 36 36 36 0
