9 6 250 4 96
54 40 60 51 47 105
30 12 33 33 33 51
76 83 103 90 87 197
37 43 74 66 65 121
26 36 31 49 42 82
50 54 77 100 79 125
42 38 54 52 35 82
116 105 196 142 140 280
43 58 71 74 78 126
28 15 48 34 23 40 24 90 38
0 4 7 3 8 3 6 9 3
4 0 7 4 7 3 6 8 4
7 7 0 7 11 6 3 11 6
3 4 7 0 8 4 7 9 4
8 7 11 8 0 8 11 3 9
3 3 6 4 8 0 6 9 3
6 6 3 7 11 6 0 11 6
9 8 11 9 3 9 11 0 10
3 4 6 4 9 3 6 10 0
0 32 27 25 19 38
32 0 31 29 21 30
27 31 0 8 28 18
25 29 8 0 26 20
19 21 28 26 0 35
38 30 18 20 35 0
