6 9 250 19 81
16 92 57 34 28 29 25 137 10
36 149 97 67 43 47 51 219 33
54 205 131 93 58 60 69 299 44
40 211 113 95 47 62 68 293 43
43 146 89 76 56 37 53 269 35
28 105 67 56 34 40 40 158 23
29 60 78 79 57 46
0 12 3 11 8 8
12 0 12 2 14 9
3 12 0 11 8 8
11 2 11 0 14 9
8 14 8 14 0 10
8 9 8 9 10 0
0 23 7 22 6 19 11 23 16
23 0 25 6 23 35 20 7 33
7 25 0 24 7 18 12 25 14
22 6 24 0 22 33 19 8 32
6 23 7 22 0 18 13 24 15
19 35 18 33 18 0 25 35 14
11 20 12 19 13 25 0 20 21
23 7 25 8 24 35 20 0 34
16 33 14 32 15 14 21 34 0
