7 4 250 54 46
19 19 31 48
20 28 23 39
45 50 49 81
39 31 35 64
34 27 55 73
45 31 68 65
21 20 34 27
38 36 75 53 56 68 31
0 12 13 14 13 9 13
12 0 11 13 11 9 11
13 11 0 13 6 12 6
14 13 13 0 13 15 13
13 11 6 13 0 13 5
9 9 12 15 13 0 13
13 11 6 13 5 13 0
0 32 23 24
32 0 19 19
23 19 0 9
24 19 9 0
