5 5 250 41 59
43 69 28 25 73
57 77 22 43 85
77 107 28 50 91
82 92 35 62 114
96 107 22 61 126
53 64 78 86 81
0 16 16 17 4
16 0 3 5 17
16 3 0 5 17
17 5 5 0 18
4 17 17 18 0
0 10 15 12 10
10 0 15 11 10
15 15 0 17 16
12 11 17 0 11
10 10 16 11 0
