10 9 250 7 93
46 19 22 32 25 13 19 15 12
85 63 74 61 47 42 48 48 20
95 49 49 59 42 42 35 45 22
140 74 72 69 55 60 71 69 47
65 37 53 36 37 22 30 44 17
111 72 81 79 58 48 61 80 37
84 40 53 44 40 40 32 46 16
70 28 59 49 31 21 36 45 13
49 33 27 32 34 20 34 40 11
58 45 38 33 44 32 30 35 15
17 43 38 58 31 54 31 27 24 25
0 13 9 2 9 8 13 8 8 10
13 0 7 13 7 9 3 8 8 13
9 7 0 9 3 5 7 5 5 9
2 13 9 0 10 8 13 8 8 11
9 7 3 10 0 6 7 6 6 9
8 9 5 8 6 0 9 3 3 7
13 3 7 13 7 9 0 8 9 13
8 8 5 8 6 3 8 0 3 8
8 8 5 8 6 3 9 3 0 8
10 13 9 11 9 7 13 8 8 0
0 14 18 17 17 23 18 11 15
14 0 10 11 16 16 18 11 15
18 10 0 7 20 12 24 15 19
17 11 7 0 20 12 25 14 18
17 16 20 20 0 18 20 11 6
23 16 12 12 18 0 28 17 18
18 18 24 25 20 28 0 18 19
11 11 15 14 11 17 18 0 9
15 15 19 18 6 18 19 9 0
