9 10 250 41 59
11 11 13 5 10 9 9 1 13 5
6 8 21 6 16 6 7 1 9 2
6 27 39 19 17 25 22 7 37 18
10 25 29 14 14 21 15 2 23 13
11 12 24 7 9 9 12 1 7 7
4 17 29 7 8 10 8 2 15 13
8 8 20 11 20 12 13 4 15 5
11 15 25 17 8 28 8 3 24 13
15 13 24 13 6 11 16 0 26 14
27 23 65 46 28 30 33 48 43
0 11 4 4 9 4 4 4 4
11 0 11 11 5 11 11 11 11
4 11 0 4 9 4 4 4 4
4 11 4 0 9 4 4 4 4
9 5 9 9 0 9 9 9 9
4 11 4 4 9 0 4 4 4
4 11 4 4 9 4 0 4 4
4 11 4 4 9 4 4 0 4
4 11 4 4 9 4 4 4 0
0 12 10 11 21 14 12 33 6 14
12 0 8 9 17 8 8 27 12 7
10 8 0 6 17 11 6 30 11 10
11 9 6 0 17 11 6 31 13 11
21 17 17 17 0 15 16 28 22 15
14 8 11 11 15 0 10 25 15 6
12 8 6 6 16 10 0 30 13 9
33 27 30 31 28 25 30 0 33 25
6 12 11 13 22 15 13 33 0 14
14 7 10 11 15 6 9 25 14 0
