10 7 250 6 94
13 13 4 12 19 9 25
40 24 10 20 32 11 25
45 27 13 31 50 23 58
32 7 11 16 27 8 33
44 14 19 28 47 26 47
63 50 31 60 69 35 59
58 40 24 36 63 33 57
36 14 9 21 22 10 30
39 16 8 29 30 12 34
18 12 6 15 24 6 30
18 28 39 21 37 70 53 27 30 19
0 18 5 18 11 12 12 5 18 4
18 0 18 3 15 10 10 18 4 18
5 18 0 18 10 11 11 3 17 5
18 3 18 0 15 10 10 18 4 18
11 15 10 15 0 8 8 10 15 10
12 10 11 10 8 0 4 11 10 11
12 10 11 10 8 4 0 12 10 12
5 18 3 18 10 11 12 0 17 4
18 4 17 4 15 10 10 17 0 17
4 18 5 18 10 11 12 4 17 0
0 17 12 10 17 13 14
17 0 12 17 17 18 13
12 12 0 12 16 13 11
10 17 12 0 18 11 14
17 17 16 18 0 16 11
13 18 13 11 16 0 14
14 13 11 14 11 14 0
