7 10 250 6 94
23 74 27 23 62 31 28 33 51 22
55 132 54 37 82 36 50 33 67 25
52 113 44 37 84 45 34 40 70 30
22 41 21 15 39 18 21 10 25 16
34 66 29 18 52 19 17 18 39 21
73 171 64 56 125 44 45 55 96 34
69 164 61 57 106 42 41 46 101 32
33 61 54 23 33 71 64
0 14 6 14 18 14 14
14 0 17 4 15 4 4
6 17 0 17 20 17 17
14 4 17 0 14 3 3
18 15 20 14 0 14 14
14 4 17 3 14 0 4
14 4 17 3 14 4 0
0 22 8 7 21 7 22 7 7 15
22 0 20 23 7 22 7 22 22 16
8 20 0 8 20 8 20 8 8 13
7 23 8 0 22 7 22 6 6 15
21 7 20 22 0 22 7 22 22 16
7 22 8 7 22 0 22 6 6 15
22 7 20 22 7 22 0 22 22 15
7 22 8 6 22 6 22 0 6 15
7 22 8 6 22 6 22 6 0 15
15 16 13 15 16 15 15 15 15 0
