9 4 250 54 46
17 25 16 11
99 161 69 82
24 36 17 32
39 45 29 34
61 100 43 59
20 44 15 18
49 75 50 50
12 20 8 11
18 23 8 17
16 96 27 33 56 22 53 13 15
0 16 16 15 20 16 18 16 18
16 0 9 6 12 5 8 13 8
16 9 0 8 9 8 12 15 12
15 6 8 0 11 5 9 12 9
20 12 9 11 0 11 14 17 14
16 5 8 5 11 0 8 13 8
18 8 12 9 14 8 0 12 5
16 13 15 12 17 13 12 0 13
18 8 12 9 14 8 5 13 0
0 25 34 35
25 0 8 37
34 8 0 37
35 37 37 0
