7 9 250 12 88
63 97 94 98 64 107 57 55 88
96 129 155 126 83 130 59 73 123
81 114 131 123 72 94 52 53 101
33 50 44 28 25 33 15 23 36
60 75 94 85 50 101 43 36 78
104 149 164 109 82 136 83 60 121
30 60 51 40 41 68 34 28 60
56 73 59 20 47 67 27
0 14 14 17 18 14 14
14 0 4 6 7 3 3
14 4 0 6 7 4 4
17 6 6 0 3 6 6
18 7 7 3 0 7 7
14 3 4 6 7 0 3
14 3 4 6 7 3 0
0 31 33 30 31 29 30 9 10
31 0 10 9 10 11 11 31 30
33 10 0 11 11 12 12 33 32
30 9 11 0 11 10 11 31 29
31 10 11 11 0 11 12 31 30
29 11 12 10 11 0 11 29 28
30 11 12 11 12 11 0 31 29
9 31 33 31 31 29 31 0 11
10 30 32 29 30 28 29 11 0
