8 6 250 33 67
48 37 80 155 67 89
65 51 106 186 96 95
83 72 136 240 104 144
31 32 46 91 38 48
134 128 271 499 194 225
40 47 83 158 65 75
45 35 84 167 70 67
25 31 63 127 45 62
32 46 55 22 103 31 35 24
0 12 6 3 3 6 12 6
12 0 13 12 13 13 3 14
6 13 0 7 7 2 13 3
3 12 7 0 2 6 12 6
3 13 7 2 0 6 13 6
6 13 2 6 6 0 13 3
12 3 13 12 13 13 0 13
6 14 3 6 6 3 13 0
0 24 31 15 8 15
24 0 19 25 23 26
31 19 0 34 29 35
15 25 34 0 15 8
8 23 29 15 0 15
15 26 35 8 15 0
