6 9 250 7 93
40 62 166 55 69 90 137 41 62
37 48 128 39 58 70 133 29 55
58 97 215 65 101 108 201 69 87
58 99 213 94 78 105 200 59 88
27 37 143 47 42 48 112 37 63
46 66 194 58 80 69 144 45 77
58 42 75 81 37 62
0 3 8 9 20 3
3 0 8 9 20 3
8 8 0 3 15 7
9 9 3 0 15 8
20 20 15 15 0 19
3 3 7 8 19 0
0 15 19 16 15 20 20 18 21
15 0 26 10 11 24 24 17 26
19 26 0 26 24 16 16 25 16
16 10 26 0 11 24 24 16 26
15 11 24 11 0 23 23 15 24
20 24 16 24 23 0 9 25 11
20 24 16 24 23 9 0 25 10
18 17 25 16 15 25 25 0 26
21 26 16 26 24 11 10 26 0
