7 9 250 17 83
11 25 7 15 14 12 22 8 12
29 43 11 25 39 35 47 20 33
25 58 12 35 48 48 58 20 45
22 20 3 13 18 19 15 9 18
14 40 12 14 14 16 21 13 16
6 20 10 6 11 23 11 9 11
8 21 4 5 9 13 8 11 12
33 82 101 41 43 31 26
0 14 15 13 14 14 5
14 0 6 6 5 6 14
15 6 0 7 6 6 15
13 6 7 0 6 7 13
14 5 6 6 0 6 14
14 6 6 7 6 0 14
5 14 15 13 14 14 0
0 22 17 15 13 24 13 12 14
22 0 24 17 23 7 21 21 27
17 24 0 23 24 26 18 18 12
15 17 23 0 14 18 14 13 23
13 23 24 14 0 24 19 17 21
24 7 26 18 24 0 23 23 29
13 21 18 14 19 23 0 7 19
12 21 18 13 17 23 7 0 18
14 27 12 23 21 29 19 18 0
