8 9 250 22 78
4 13 20 34 18 17 11 9 11
7 29 52 68 28 33 23 13 29
8 72 83 121 65 33 42 40 57
5 24 25 51 29 15 20 10 27
20 80 109 165 74 60 52 39 77
2 27 37 69 28 16 21 15 34
10 62 106 159 82 49 48 42 63
5 16 35 47 23 24 18 11 17
16 31 55 23 75 28 78 25
0 2 17 11 9 7 12 8
2 0 16 11 9 7 12 8
17 16 0 12 12 20 7 20
11 11 12 0 11 11 11 11
9 9 12 11 0 12 6 12
7 7 20 11 12 0 15 2
12 12 7 11 6 15 0 15
8 8 20 11 12 2 15 0
0 14 15 8 15 8 9 15 8
14 0 9 14 8 15 15 8 15
15 9 0 14 9 15 15 9 15
8 14 14 0 14 9 9 15 9
15 8 9 14 0 15 15 8 15
8 15 15 9 15 0 8 15 8
9 15 15 9 15 8 0 16 8
15 8 9 15 8 15 16 0 15
8 15 15 9 15 8 8 15 0
