6 9 250 9 91
34 10 16 10 10 4 9 12 16
96 46 65 43 42 19 50 39 64
86 49 45 28 28 21 36 30 53
13 8 8 6 2 4 8 6 9
32 18 19 16 9 4 21 15 28
50 14 33 20 18 8 28 24 38
32 121 92 17 38 56
0 3 11 3 3 12
3 0 12 3 3 12
11 12 0 11 11 3
3 3 11 0 3 12
3 3 11 3 0 12
12 12 3 12 12 0
0 28 31 16 22 28 22 14 25
28 0 28 21 7 23 21 30 23
31 28 0 19 28 6 26 25 10
16 21 19 0 17 16 12 11 11
22 7 28 17 0 23 19 25 23
28 23 6 16 23 0 25 24 11
22 21 26 12 19 25 0 16 17
14 30 25 11 25 24 16 0 17
25 23 10 11 23 11 17 17 0
