10 5 250 28 72
16 60 20 12 24
88 315 112 75 113
26 97 33 13 33
12 73 29 19 25
18 51 21 8 20
34 82 31 28 28
13 62 18 21 20
22 81 22 18 39
66 205 57 45 68
26 92 36 20 39
19 100 27 23 16 31 19 23 56 28
0 8 9 15 10 11 9 11 15 5
8 0 8 14 8 10 10 11 16 8
9 8 0 17 7 12 12 14 17 9
15 14 17 0 17 11 11 8 17 14
10 8 7 17 0 11 13 14 19 11
11 10 12 11 11 0 10 10 18 11
9 10 12 11 13 10 0 8 15 9
11 11 14 8 14 10 8 0 15 11
15 16 17 17 19 18 15 15 0 15
5 8 9 14 11 11 9 11 15 0
0 9 33 35 8
9 0 33 36 9
33 33 0 29 33
35 36 29 0 34
8 9 33 34 0
