9 9 250 21 79
10 17 0 11 5 32 13 6 8
4 14 3 20 8 30 5 6 5
32 49 13 40 16 86 8 21 15
13 33 5 28 12 45 7 6 18
9 11 3 13 8 27 5 4 10
4 14 4 8 3 20 1 5 5
21 74 16 42 28 82 27 23 26
14 25 3 21 8 51 11 10 17
13 20 2 16 18 45 12 12 16
25 21 66 36 20 15 79 35 33
0 12 8 10 8 12 12 10 14
12 0 12 12 12 3 2 8 7
8 12 0 10 2 11 12 13 12
10 12 10 0 10 11 11 9 10
8 12 2 10 0 11 11 13 12
12 3 11 11 11 0 2 8 7
12 2 12 11 11 2 0 7 7
10 8 13 9 13 8 7 0 9
14 7 12 10 12 7 7 9 0
0 8 8 13 9 14 20 8 15
8 0 7 14 7 16 21 7 17
8 7 0 14 8 15 20 8 16
13 14 14 0 14 10 15 14 11
9 7 8 14 0 16 21 8 17
14 16 15 10 16 0 16 15 7
20 21 20 15 21 16 0 21 16
8 7 8 14 8 15 21 0 16
15 17 16 11 17 7 16 16 0
