10 10 250 15 85
6 4 11 12 5 4 9 12 10 11
4 5 4 8 10 5 9 8 4 6
3 10 24 16 17 9 10 20 18 16
26 17 33 27 29 15 30 33 38 30
12 6 9 15 10 8 11 17 23 19
13 7 25 16 20 11 18 23 21 21
11 7 20 21 16 3 19 12 22 20
5 10 7 5 7 3 3 10 10 6
22 13 36 23 29 20 30 37 29 26
1 8 9 8 7 8 8 10 6 8
22 17 36 67 30 43 40 17 58 18
0 13 15 18 10 13 10 6 4 10
13 0 11 13 12 10 9 8 12 9
15 11 0 11 11 9 5 10 10 8
18 13 11 0 20 4 13 15 15 17
10 12 11 20 0 16 5 5 8 2
13 10 9 4 16 0 10 11 10 13
10 9 5 13 5 10 0 4 6 2
6 8 10 15 5 11 4 0 4 4
4 12 10 15 8 10 6 4 0 6
10 9 8 17 2 13 2 4 6 0
0 27 26 28 10 10 28 31 27 21
27 0 9 9 25 27 9 16 22 31
26 9 0 10 24 26 11 16 22 30
28 9 10 0 26 29 9 15 23 32
10 25 24 26 0 10 26 30 25 21
10 27 26 29 10 0 29 32 25 22
28 9 11 9 26 29 0 17 23 31
31 16 16 15 30 32 17 0 24 38
27 22 22 23 25 25 23 24 0 31
21 31 30 32 21 22 31 38 31 0
