7 8 250 91 9
41 17 16 16 37 25 22 40
53 19 34 20 69 45 34 73
62 35 28 19 81 33 18 106
65 36 31 33 70 49 47 91
36 38 30 18 71 48 20 77
82 28 41 22 97 60 43 95
22 11 12 4 19 9 14 27
33 47 52 69 49 67 17
0 12 17 8 19 19 8
12 0 10 12 9 11 11
17 10 0 15 15 3 13
8 12 15 0 18 18 2
19 9 15 18 0 16 17
19 11 3 18 16 0 16
8 11 13 2 17 16 0
0 32 22 24 17 32 16 21
32 0 30 29 34 8 35 28
22 30 0 8 15 30 16 8
24 29 8 0 17 29 18 8
17 34 15 17 0 34 6 15
32 8 30 29 34 0 34 27
16 35 16 18 6 34 0 17
21 28 8 8 15 27 17 0
