9 6 250 50 50
4 22 24 12 26 13
24 24 21 14 40 12
28 42 25 18 80 29
44 39 30 24 79 34
8 12 10 8 18 12
22 30 18 11 39 24
15 23 16 7 44 21
6 9 7 5 18 11
36 25 25 13 60 23
27 35 56 64 19 41 35 16 45
0 3 17 14 18 3 13 3 16
3 0 18 15 19 3 14 4 17
17 18 0 15 3 17 15 16 11
14 15 15 0 16 15 4 14 10
18 19 3 16 0 18 16 18 11
3 3 17 15 18 0 14 3 17
13 14 15 4 16 14 0 13 9
3 4 16 14 18 3 13 0 16
16 17 11 10 11 17 9 16 0
0 18 8 14 23 13
18 0 18 28 38 21
8 18 0 9 28 18
14 28 9 0 28 23
23 38 28 28 0 21
13 21 18 23 21 0
