6 10 250 33 67
57 48 39 46 50 83 109 24 60 20
34 48 37 33 33 65 55 24 57 13
87 77 73 76 76 116 146 54 103 25
58 57 55 68 67 106 109 29 69 20
55 59 44 53 56 103 131 41 73 11
46 50 38 45 46 69 72 24 44 14
50 38 79 67 56 45
0 11 10 5 13 6
11 0 6 11 16 11
10 6 0 10 16 10
5 11 10 0 13 5
13 16 16 13 0 13
6 11 10 5 13 0
0 26 26 26 24 9 26 25 9 9
26 0 8 8 9 28 8 9 27 27
26 8 0 8 9 27 8 9 26 27
26 8 8 0 9 27 9 9 26 27
24 9 9 9 0 26 9 9 25 25
9 28 27 27 26 0 28 26 9 9
26 8 8 9 9 28 0 9 27 27
25 9 9 9 9 26 9 0 25 26
9 27 26 26 25 9 27 25 0 9
9 27 27 27 25 9 27 26 9 0
