8 9 250 4 96
9 12 25 12 27 20 5 11 18
4 2 15 9 16 9 5 6 12
57 17 81 35 75 63 32 28 69
23 6 41 17 34 25 13 18 28
24 16 33 16 25 21 10 14 31
24 12 45 21 53 19 8 19 26
17 4 27 12 25 18 5 16 15
10 4 16 9 20 12 2 6 11
35 18 110 45 41 45 32 19
0 3 6 12 11 16 12 8
3 0 7 12 11 19 11 8
6 7 0 14 15 14 14 13
12 12 14 0 4 14 6 9
11 11 15 4 0 18 4 8
16 19 14 14 18 0 18 19
12 11 14 6 4 18 0 12
8 8 13 9 8 19 12 0
0 19 17 17 17 17 23 18 17
19 0 22 17 9 21 35 21 17
17 22 0 17 20 8 31 10 24
17 17 17 0 15 17 32 19 16
17 9 20 15 0 20 33 20 15
17 21 8 17 20 0 31 9 24
23 35 31 32 33 31 0 32 29
18 21 10 19 20 9 32 0 25
17 17 24 16 15 24 29 25 0
