8 8 250 29 71
14 10 14 37 116 70 23 36
30 16 46 61 256 89 38 64
31 30 32 88 354 154 51 95
13 18 28 65 172 102 38 77
24 24 19 46 196 99 30 49
30 24 30 77 231 108 41 54
28 17 24 33 166 80 35 47
17 9 19 27 119 57 22 32
25 47 71 46 44 48 40 27
0 5 5 5 11 4 6 13
5 0 4 3 9 4 3 11
5 4 0 3 9 5 4 11
5 3 3 0 9 5 4 11
11 9 9 9 0 11 9 8
4 4 5 5 11 0 5 12
6 3 4 4 9 5 0 10
13 11 11 11 8 12 10 0
0 24 34 10 34 34 32 32
24 0 30 23 31 31 29 29
34 30 0 34 10 10 10 10
10 23 34 0 34 34 32 32
34 31 10 34 0 10 11 11
34 31 10 34 10 0 11 10
32 29 10 32 11 11 0 10
32 29 10 32 11 10 10 0
