9 9 250 12 88
26 26 56 59 28 30 15 9 31
39 21 38 62 34 39 28 7 34
63 45 89 131 63 60 43 25 63
39 22 43 70 34 50 26 9 37
63 27 77 95 41 54 28 16 41
25 24 30 62 15 21 23 6 18
48 24 67 94 49 41 33 16 48
43 16 47 70 42 37 29 10 39
26 8 15 20 15 17 7 5 25
35 36 60 38 44 26 52 35 14
0 10 7 11 5 6 5 7 10
10 0 13 5 10 10 9 11 6
7 13 0 14 7 8 8 10 13
11 5 14 0 11 12 10 12 5
5 10 7 11 0 4 5 6 10
6 10 8 12 4 0 5 5 11
5 9 8 10 5 5 0 6 8
7 11 10 12 6 5 6 0 11
10 6 13 5 10 11 8 11 0
0 13 38 21 14 29 19 14 10
13 0 37 22 11 27 21 11 14
38 37 0 35 36 27 36 39 39
21 22 35 0 24 24 10 25 21
14 11 36 24 0 27 24 11 16
29 27 27 24 27 0 25 29 31
19 21 36 10 24 25 0 24 20
14 11 39 25 11 29 24 0 15
10 14 39 21 16 31 20 15 0
