10 10 250 28 72
29 22 10 28 27 28 39 51 22 63
46 27 18 34 30 31 44 46 32 55
131 79 56 97 68 77 109 105 76 120
45 20 23 43 37 37 50 71 41 52
32 14 13 20 13 10 21 22 14 26
85 36 43 52 50 42 62 74 34 62
63 35 29 59 44 43 60 65 51 68
50 21 15 28 36 22 39 48 34 50
93 48 49 75 59 48 82 103 45 104
75 38 36 56 47 50 75 77 42 81
21 27 60 29 13 42 38 23 45 38
0 13 11 7 11 12 5 12 11 8
13 0 8 11 8 10 14 10 8 11
11 8 0 9 5 6 12 6 5 9
7 11 9 0 9 9 8 10 8 5
11 8 5 9 0 6 11 6 5 8
12 10 6 9 6 0 12 5 6 9
5 14 12 8 11 12 0 12 11 8
12 10 6 10 6 5 12 0 7 9
11 8 5 8 5 6 11 7 0 8
8 11 9 5 8 9 8 9 8 0
0 17 18 24 19 21 29 7 20 14
17 0 16 17 21 18 30 16 17 12
18 16 0 27 27 24 38 18 24 18
24 17 27 0 20 16 23 24 15 18
19 21 27 20 0 13 20 19 12 16
21 18 24 16 13 0 24 20 7 14
29 30 38 23 20 24 0 29 23 27
7 16 18 24 19 20 29 0 20 13
20 17 24 15 12 7 23 20 0 13
14 12 18 18 16 14 27 13 13 0
