7 8 250 13 87
13 55 44 35 42 18 27 38
20 44 33 36 43 28 23 42
46 145 118 95 114 61 55 122
62 177 101 129 136 96 49 148
24 93 67 51 58 35 45 73
14 51 27 39 42 21 22 31
28 68 50 48 74 46 35 78
27 27 76 97 48 26 40
0 7 12 12 15 9 4
7 0 14 12 18 12 9
12 14 0 6 12 15 12
12 12 6 0 15 16 13
15 18 12 15 0 12 13
9 12 15 16 12 0 8
4 9 12 13 13 8 0
0 7 6 7 7 7 18 7
7 0 7 7 7 7 17 7
6 7 0 7 6 6 18 7
7 7 7 0 6 7 18 7
7 7 6 6 0 7 18 7
7 7 6 7 7 0 18 7
18 17 18 18 18 18 0 18
7 7 7 7 7 7 18 0
