6 6 250 26 74
14 20 27 24 24 18
37 25 50 52 35 34
15 23 37 26 18 30
23 17 37 34 32 25
24 24 37 38 24 25
58 69 105 96 91 73
35 58 39 42 46 136
0 18 19 11 3 17
18 0 5 15 18 4
19 5 0 17 20 4
11 15 17 0 11 16
3 18 20 11 0 18
17 4 4 16 18 0
0 19 21 13 6 8
19 0 19 18 17 19
21 19 0 25 19 19
13 18 25 0 14 13
6 17 19 14 0 9
8 19 19 13 9 0
