9 7 250 32 68
44 21 14 24 33 43 30
29 25 17 24 29 18 26
153 81 78 76 109 135 109
58 25 38 47 58 51 56
13 4 14 15 13 21 22
88 41 49 50 60 70 64
42 22 37 35 40 42 32
35 23 25 28 45 44 43
84 37 59 58 67 96 60
23 19 79 37 12 53 31 28 50
0 18 18 6 8 8 15 17 8
18 0 6 20 20 18 7 7 20
18 6 0 20 20 17 7 4 20
6 20 20 0 7 7 17 19 8
8 20 20 7 0 6 17 19 6
8 18 17 7 6 0 15 16 8
15 7 7 17 17 15 0 7 18
17 7 4 19 19 16 7 0 20
8 20 20 8 6 8 18 20 0
0 14 19 8 15 7 19
14 0 12 13 7 13 12
19 12 0 19 12 18 6
8 13 19 0 14 7 19
15 7 12 14 0 14 12
7 13 18 7 14 0 18
19 12 6 19 12 18 0
