5 10 250 18 82
11 26 10 21 30 15 63 6 34 15
12 20 7 19 15 9 50 10 22 15
17 50 24 31 38 16 104 17 61 17
12 66 30 36 47 22 121 23 66 33
11 35 10 16 22 9 66 8 39 7
59 43 83 109 54
0 3 19 20 8
3 0 16 16 6
19 16 0 3 10
20 16 3 0 12
8 6 10 12 0
0 23 16 17 25 25 37 8 8 8
23 0 19 18 7 7 23 21 21 21
16 19 0 6 20 19 26 13 13 14
17 18 6 0 19 19 26 14 14 14
25 7 20 19 0 6 22 23 22 23
25 7 19 19 6 0 22 22 22 23
37 23 26 26 22 22 0 34 34 34
8 21 13 14 23 22 34 0 6 6
8 21 13 14 22 22 34 6 0 6
8 21 14 14 23 23 34 6 6 0
