7 7 250 54 46
16 15 17 12 59 15 4
57 37 67 50 148 41 27
38 25 34 26 78 26 11
67 47 78 55 190 50 27
45 38 47 33 112 24 16
37 22 37 30 90 28 10
16 11 33 22 71 17 11
23 75 36 90 56 44 31
0 15 14 14 18 16 18
15 0 15 15 15 11 12
14 15 0 4 12 12 12
14 15 4 0 11 12 11
18 15 12 11 0 17 9
16 11 12 12 17 0 13
18 12 12 11 9 13 0
0 15 18 20 20 21 18
15 0 15 13 13 14 15
18 15 0 17 17 18 8
20 13 17 0 7 8 17
20 13 17 7 0 9 17
21 14 18 8 9 0 18
18 15 8 17 17 18 0
