6 7 250 50 50
11 23 13 33 9 9 11
31 53 32 67 32 31 32
37 70 47 91 30 36 33
46 111 61 137 58 49 53
23 66 23 74 21 27 23
13 47 31 58 19 15 38
20 49 68 93 56 42
0 3 12 12 13 16
3 0 12 13 13 15
12 12 0 3 16 15
12 13 3 0 18 15
13 13 16 18 0 14
16 15 15 15 14 0
0 30 31 30 31 31 31
30 0 11 11 22 10 23
31 11 0 11 22 10 23
30 11 11 0 21 11 22
31 22 22 21 0 23 11
31 10 10 11 23 0 24
31 23 23 22 11 24 0
