5 8 250 9 91
20 43 35 36 24 38 68 41
19 65 52 43 33 51 87 47
26 47 26 36 40 33 79 43
4 16 12 18 6 9 12 15
14 23 26 25 26 28 58 33
75 101 83 23 64
0 13 10 14 14
13 0 12 4 4
10 12 0 13 13
14 4 13 0 3
14 4 13 3 0
0 21 11 16 20 13 14 11
21 0 15 15 6 20 21 15
11 15 0 13 14 15 16 6
16 15 13 0 14 17 18 13
20 6 14 14 0 20 21 14
13 20 15 17 20 0 7 14
14 21 16 18 21 7 0 16
11 15 6 13 14 14 16 0
