4 6 250 37 63
49 59 146 214 205 184
55 45 144 223 230 191
79 58 191 272 260 259
65 63 202 314 332 280
70 72 96 105
0 4 16 5
4 0 17 5
16 17 0 18
5 5 18 0
0 25 28 29 7 8
25 0 26 21 26 23
28 26 0 22 29 28
29 21 22 0 31 28
7 26 29 31 0 9
8 23 28 28 9 0
