7 10 250 21 79
24 16 49 25 17 20 91 30 56 22
11 8 25 16 17 9 75 25 51 21
34 24 55 24 16 31 139 35 79 32
25 14 54 20 20 25 112 33 77 44
61 28 74 53 36 37 202 67 117 51
34 25 62 51 22 40 167 44 96 48
28 18 55 32 10 26 113 47 85 40
40 27 52 49 72 67 49
0 17 15 14 11 18 18
17 0 8 7 14 3 14
15 8 0 4 14 9 10
14 7 4 0 12 8 11
11 14 14 12 0 15 13
18 3 9 8 15 0 15
18 14 10 11 13 15 0
0 15 6 14 14 18 12 8 10 18
15 0 16 23 22 23 19 11 9 18
6 16 0 13 12 18 11 10 10 18
14 23 13 0 9 13 8 18 18 16
14 22 12 9 0 17 12 18 17 17
18 23 18 13 17 0 10 19 21 12
12 19 11 8 12 10 0 14 16 13
8 11 10 18 18 19 14 0 8 16
10 9 10 18 17 21 16 8 0 17
18 18 18 16 17 12 13 16 17 0
