4 10 250 32 68
16 33 9 22 12 21 18 31 27 14
32 25 15 31 22 29 28 38 35 23
62 95 25 86 49 73 64 98 113 59
39 46 17 37 20 39 36 51 32 27
42 57 163 78
0 3 10 9
3 0 11 10
10 11 0 9
9 10 9 0
0 16 10 10 16 17 12 11 8 11
16 0 19 20 7 7 21 19 16 21
10 19 0 7 19 19 8 7 10 7
10 20 7 0 20 20 8 7 10 7
16 7 19 20 0 6 21 19 16 21
17 7 19 20 6 0 21 19 16 21
12 21 8 8 21 21 0 8 12 7
11 19 7 7 19 19 8 0 10 7
8 16 10 10 16 16 12 10 0 11
11 21 7 7 21 21 7 7 11 0
