5 9 250 51 49
16 20 18 33 21 20 55 22 10
20 19 25 39 14 26 61 25 15
29 32 47 79 29 34 77 33 17
12 13 29 52 28 27 53 25 14
11 16 28 28 14 29 41 14 7
53 68 102 74 51
0 14 9 9 5
14 0 15 12 13
9 15 0 5 6
9 12 5 0 6
5 13 6 6 0
0 6 14 18 15 25 19 16 17
6 0 14 17 15 24 18 16 17
14 14 0 11 6 17 11 11 12
18 17 11 0 10 13 6 13 13
15 15 6 10 0 16 11 12 12
25 24 17 13 16 0 12 16 16
19 18 11 6 11 12 0 13 13
16 16 11 13 12 16 13 0 6
17 17 12 13 12 16 13 6 0
