8 7 250 44 56
52 47 25 30 33 83 54
132 117 80 114 81 221 124
74 78 53 71 43 141 63
65 55 29 34 35 88 39
62 44 34 43 44 89 46
30 30 10 16 15 45 23
44 43 13 32 33 95 45
36 26 20 25 19 40 44
34 98 62 42 36 17 31 22
0 6 13 12 5 13 5 11
6 0 13 12 5 14 6 12
13 13 0 8 13 5 12 7
12 12 8 0 12 8 11 8
5 5 13 12 0 13 5 11
13 14 5 8 13 0 13 7
5 6 12 11 5 13 0 11
11 12 7 8 11 7 11 0
0 14 14 19 7 13 7
14 0 7 20 13 14 14
14 7 0 20 13 14 14
19 20 20 0 18 12 18
7 13 13 18 0 12 6
13 14 14 12 12 0 12
7 14 14 18 6 12 0
