7 9 250 36 64
28 24 63 35 20 32 36 71 34
75 46 168 79 45 98 130 170 79
43 28 106 71 32 71 82 124 78
65 38 94 86 29 64 82 132 73
114 43 195 127 49 131 155 273 122
43 15 78 45 27 50 47 73 37
72 38 101 73 41 83 92 171 80
22 67 39 47 80 30 57
0 5 15 4 5 14 16
5 0 15 5 4 13 16
15 15 0 15 16 10 5
4 5 15 0 5 14 15
5 4 16 5 0 14 16
14 13 10 14 14 0 10
16 16 5 15 16 10 0
0 24 24 26 24 24 10 22 10
24 0 20 19 9 10 23 24 24
24 20 0 27 20 21 24 32 23
26 19 27 0 20 19 25 23 26
24 9 20 20 0 10 23 24 24
24 10 21 19 10 0 23 24 24
10 23 24 25 23 23 0 21 11
22 24 32 23 24 24 21 0 23
10 24 23 26 24 24 11 23 0
