7 10 250 2 98
14 36 38 12 27 39 52 20 24 5
25 33 41 17 39 41 56 19 24 7
39 52 92 30 57 79 96 42 56 14
23 42 53 12 46 44 67 31 28 11
10 22 40 9 23 28 38 13 15 3
25 37 67 17 47 57 59 24 29 9
7 19 18 4 13 26 27 8 11 2
40 50 86 55 34 59 19
0 13 14 14 20 5 14
13 0 5 6 16 13 6
14 5 0 5 15 14 5
14 6 5 0 16 14 5
20 16 15 16 0 20 15
5 13 14 14 20 0 14
14 6 5 5 15 14 0
0 9 25 24 9 24 26 21 33 34
9 0 26 24 8 24 27 22 33 36
25 26 0 21 25 22 8 22 22 24
24 24 21 0 23 9 22 11 18 21
9 8 25 23 0 23 26 20 32 34
24 24 22 9 23 0 23 9 18 20
26 27 8 22 26 23 0 23 22 24
21 22 22 11 20 9 23 0 20 22
33 33 22 18 32 18 22 20 0 11
34 36 24 21 34 20 24 22 11 0
