10 7 250 69 31
28 11 8 6 11 1 7
106 38 27 18 23 13 33
58 28 20 14 15 7 22
74 23 17 16 20 3 20
80 24 17 14 20 3 22
86 23 24 14 21 6 18
83 24 28 17 24 7 27
53 17 14 10 23 2 10
60 15 20 17 14 7 20
122 53 34 29 31 9 49
14 42 27 33 31 33 39 23 25 56
0 9 4 10 9 10 10 4 13 9
9 0 9 3 4 14 14 9 13 3
4 9 0 9 9 10 10 4 12 9
10 3 9 0 4 14 14 9 13 4
9 4 9 4 0 14 14 9 13 4
10 14 10 14 14 0 3 10 9 14
10 14 10 14 14 3 0 11 9 15
4 9 4 9 9 10 11 0 13 9
13 13 12 13 13 9 9 13 0 13
9 3 9 4 4 14 15 9 13 0
0 16 22 13 13 16 16
16 0 12 14 8 7 10
22 12 0 19 15 10 17
13 14 19 0 14 13 11
13 8 15 14 0 10 10
16 7 10 13 10 0 12
16 10 17 11 10 12 0
