5 7 250 32 68
34 150 34 67 35 30 35
56 214 42 93 58 57 69
108 486 155 249 131 107 138
67 253 86 127 91 70 76
55 171 57 74 58 38 56
34 58 130 71 46
0 4 15 5 17
4 0 15 5 17
15 15 0 14 7
5 5 14 0 16
17 17 7 16 0
0 14 12 12 36 11 13
14 0 14 12 36 13 13
12 14 0 12 34 12 12
12 12 12 0 35 11 10
36 36 34 35 0 36 34
11 13 12 11 36 0 11
13 13 12 10 34 11 0
