10 7 250 28 72
3 10 3 7 12 1 8
8 17 13 16 33 18 35
12 12 11 13 22 10 40
16 19 8 21 48 24 43
31 34 33 39 102 38 87
16 18 22 19 38 11 38
8 29 28 11 48 21 49
5 6 6 14 21 7 24
3 12 4 4 17 6 22
16 27 20 15 49 14 38
10 33 26 44 74 33 42 17 15 43
0 4 4 6 8 12 6 6 6 8
4 0 4 5 8 12 6 5 6 8
4 4 0 6 8 12 6 6 6 8
6 5 6 0 8 14 4 4 4 9
8 8 8 8 0 10 9 9 9 4
12 12 12 14 10 0 14 14 14 10
6 6 6 4 9 14 0 4 4 9
6 5 6 4 9 14 4 0 4 9
6 6 6 4 9 14 4 4 0 9
8 8 8 9 4 10 9 9 9 0
0 23 18 23 17 10 19
23 0 19 10 19 22 19
18 19 0 19 10 17 10
23 10 19 0 19 22 19
17 19 10 19 0 17 11
10 22 17 22 17 0 18
19 19 10 19 11 18 0
