4 7 250 71 29
59 75 62 43 55 55 50
117 93 83 73 77 113 83
360 366 312 240 317 355 285
194 196 141 133 146 197 163
34 49 170 87
0 3 20 3
3 0 19 3
20 19 0 19
3 3 19 0
0 38 9 8 10 34 33
38 0 38 37 36 27 26
9 38 0 9 10 33 32
8 37 9 0 9 34 32
10 36 10 9 0 33 31
34 27 33 34 33 0 10
33 26 32 32 31 10 0
