8 7 250 3 97
11 21 14 22 20 19 16
24 61 41 63 44 50 28
21 54 21 49 27 28 26
13 23 17 26 21 33 23
28 67 37 66 35 45 53
11 37 24 29 19 28 16
5 8 9 12 3 9 9
11 30 13 20 17 21 16
30 77 54 38 70 36 12 29
0 5 5 13 5 5 5 13
5 0 5 13 5 5 5 13
5 5 0 12 5 5 5 12
13 13 12 0 13 13 13 5
5 5 5 13 0 5 5 13
5 5 5 13 5 0 4 13
5 5 5 13 5 4 0 13
13 13 12 5 13 13 13 0
0 24 23 24 25 25 25
24 0 12 13 13 21 21
23 12 0 14 15 23 23
24 13 14 0 11 20 20
25 13 15 11 0 19 19
25 21 23 20 19 0 10
25 21 23 20 19 10 0
