6 8 250 39 61
33 28 56 35 67 57 16 20
52 36 88 58 116 134 22 49
34 37 91 45 105 104 24 46
17 19 43 19 46 55 8 32
22 19 26 16 54 60 7 17
25 24 36 17 47 40 9 27
48 95 74 43 37 41
0 10 10 10 10 11
10 0 12 9 10 11
10 12 0 8 7 8
10 9 8 0 5 6
10 10 7 5 0 6
11 11 8 6 6 0
0 10 23 25 26 26 9 24
10 0 24 25 26 25 10 23
23 24 0 9 10 30 24 28
25 25 9 0 10 31 26 30
26 26 10 10 0 32 27 30
26 25 30 31 32 0 27 10
9 10 24 26 27 27 0 24
24 23 28 30 30 10 24 0
