5 6 250 17 83
55 47 50 36 158 27
126 147 153 114 390 86
183 183 147 159 467 66
138 104 126 119 411 55
190 187 173 152 537 85
27 63 86 62 83
0 15 9 5 14
15 0 12 16 11
9 12 0 10 11
5 16 10 0 14
14 11 11 14 0
0 18 25 19 26 18
18 0 28 9 28 9
25 28 0 27 9 27
19 9 27 0 27 9
26 28 9 27 0 28
18 9 27 9 28 0
