10 8 250 16 84
28 33 24 10 44 22 51 20
73 68 56 29 113 84 123 62
32 36 38 22 70 62 88 36
31 35 22 16 59 53 57 28
47 50 57 17 105 60 106 40
24 33 22 16 48 20 67 15
28 37 41 13 49 38 92 33
16 13 18 9 36 21 39 15
42 32 25 17 55 27 66 35
27 41 27 14 47 52 64 25
25 62 36 34 47 27 32 16 34 31
0 15 19 20 14 14 14 7 7 17
15 0 18 19 6 6 6 16 16 18
19 18 0 7 17 17 17 18 19 8
20 19 7 0 18 18 18 19 19 9
14 6 17 18 0 6 5 15 15 16
14 6 17 18 6 0 6 15 15 17
14 6 17 18 5 6 0 15 15 16
7 16 18 19 15 15 15 0 7 16
7 16 19 19 15 15 15 7 0 16
17 18 8 9 16 17 16 16 16 0
0 21 29 22 8 29 8 29
21 0 23 7 22 23 22 23
29 23 0 23 30 6 31 7
22 7 23 0 23 23 22 23
8 22 30 23 0 30 8 30
29 23 6 23 30 0 31 7
8 22 31 22 8 31 0 31
29 23 7 23 30 7 31 0
