9 10 250 21 79
16 18 24 23 18 14 23 33 6 23
51 27 47 67 41 32 53 68 20 55
35 32 36 48 32 20 33 59 12 37
32 22 40 35 20 16 40 54 14 23
26 21 35 25 27 19 31 42 12 29
29 14 40 39 22 16 23 36 13 36
49 34 33 52 30 23 40 56 13 38
11 10 11 14 14 6 21 22 7 9
21 17 9 10 4 6 17 21 5 13
27 70 51 38 40 38 52 17 16
0 3 8 10 9 6 3 8 11
3 0 8 11 8 6 3 8 11
8 8 0 7 5 5 8 2 8
10 11 7 0 10 9 11 7 4
9 8 5 10 0 5 9 5 10
6 6 5 9 5 0 6 5 9
3 3 8 11 9 6 0 8 11
8 8 2 7 5 5 8 0 8
11 11 8 4 10 9 11 8 0
0 19 9 9 20 10 17 14 16 11
19 0 20 15 13 14 12 12 10 14
9 20 0 13 23 11 20 14 18 15
9 15 13 0 16 8 13 12 12 7
20 13 23 16 0 17 8 17 13 14
10 14 11 8 17 0 14 10 11 9
17 12 20 13 8 14 0 14 12 11
14 12 14 12 17 10 14 0 13 13
16 10 18 12 13 11 12 13 0 10
11 14 15 7 14 9 11 13 10 0
