6 8 250 16 84
63 66 97 91 64 94 77 36
94 73 126 98 78 113 88 53
151 148 262 226 160 196 195 95
135 111 176 147 122 164 137 72
61 40 63 55 37 53 53 29
75 68 102 100 83 108 77 44
37 55 92 80 26 46
0 12 5 12 13 12
12 0 12 5 7 5
5 12 0 12 14 12
12 5 12 0 7 5
13 7 14 7 0 7
12 5 12 5 7 0
0 9 32 34 33 7 34 9
9 0 28 30 29 8 30 7
32 28 0 9 7 31 7 29
34 30 9 0 7 33 9 30
33 29 7 7 0 32 8 29
7 8 31 33 32 0 33 7
34 30 7 9 8 33 0 31
9 7 29 30 29 7 31 0
