5 5 250 4 96
62 47 121 99 116
100 72 178 154 177
133 96 257 183 250
118 69 167 149 174
88 62 141 98 125
46 73 90 78 59
0 11 11 10 13
11 0 3 9 12
11 3 0 9 12
10 9 9 0 11
13 12 12 11 0
0 27 25 29 35
27 0 11 11 23
25 11 0 6 21
29 11 6 0 18
35 23 21 18 0
