9 10 250 15 85
3 11 10 5 2 8 8 13 9 10
10 52 38 15 16 48 46 28 38 39
2 10 11 9 7 25 16 10 15 14
3 12 18 14 10 20 23 19 13 14
4 30 24 6 7 37 25 13 17 19
2 23 12 5 9 12 14 10 15 16
2 8 12 4 5 8 15 7 10 13
2 7 15 6 4 8 10 8 8 20
4 14 10 5 6 13 12 7 5 11
24 96 34 43 55 33 26 23 26
0 11 7 10 12 10 14 12 10
11 0 9 8 16 14 19 14 12
7 9 0 8 12 10 14 9 12
10 8 8 0 10 8 14 15 9
12 16 12 10 0 4 6 18 7
10 14 10 8 4 0 8 17 5
14 19 14 14 6 8 0 19 11
12 14 9 15 18 17 19 0 19
10 12 12 9 7 5 11 19 0
0 35 29 29 28 9 21 20 37 28
35 0 29 30 29 36 28 27 24 30
29 29 0 9 9 29 29 29 23 10
29 30 9 0 9 28 30 29 24 10
28 29 9 9 0 28 29 29 24 10
9 36 29 28 28 0 21 21 37 28
21 28 29 30 29 21 0 10 31 28
20 27 29 29 29 21 10 0 30 28
37 24 23 24 24 37 31 30 0 24
28 30 10 10 10 28 28 28 24 0
