7
1.000 0.000
0.966 0.259
0.866 0.500
0.707 0.707
0.500 0.866
0.259 0.966
0.000 1.000

7
1.000 0.000
0.966 0.259
0.866 0.500
0.707 0.707
0.500 0.866
0.259 0.966
0.000 1.000

0.000 INF   INF   INF   INF   INF   INF   
INF   0.000 0.261 0.778 1.544 2.544 3.761 
INF   0.261 0.000 0.261 0.779 1.544 2.544 
INF   0.778 0.261 0.000 0.261 0.778 1.544 
INF   1.544 0.779 0.261 0.000 0.261 0.779 
INF   2.544 1.544 0.778 0.261 0.000 0.261 
INF   3.761 2.544 1.544 0.779 0.261 0.000 
